,hostname,sy_pnum,st_mass
0,11 Com,1,2.7
1,11 UMi,1,2.78
2,14 And,1,2.2
3,14 Her,2,0.9
4,16 Cyg B,1,1.08
5,18 Del,1,2.3
6,1RXS J160929.1-210524,1,0.85
7,24 Boo,1,0.99
8,24 Sex,2,1.54
9,2MASS J01033563-5515561 A,1,0.19
10,2MASS J01225093-2439505,1,0.4
11,2MASS J02192210-3925225,1,0.11
12,2MASS J04414489+2301513,1,0.02
13,2MASS J12073346-3932539,1,0.02
14,2MASS J19383260+4603591,1,0.48
15,2MASS J21402931+1625183 A,1,0.08
16,2MASS J22362452+4751425,1,0.6
17,30 Ari B,1,1.93
18,4 UMa,1,1.23
19,42 Dra,1,0.98
20,47 UMa,3,1.06
21,51 Eri,1,1.75
22,51 Peg,1,1.03
23,55 Cnc,5,0.91
24,6 Lyn,1,1.44
25,61 Vir,3,0.94
26,7 CMa,2,1.34
27,70 Vir,1,1.09
28,75 Cet,1,2.49
29,8 UMi,1,1.44
30,81 Cet,1,2.4
31,91 Aqr,1,1.4
32,AB Pic,1,
33,AU Mic,2,0.5
34,BD+03 2562,1,1.14
35,BD+14 4559,1,0.49
36,BD+15 2375,1,1.08
37,BD+15 2940,1,1.1
38,BD+20 2457,2,10.83
39,BD+20 274,1,0.8
40,BD+20 594,1,1.67
41,BD+45 564,1,0.81
42,BD+48 738,1,0.74
43,BD+48 740,1,1.09
44,BD+49 828,1,1.52
45,BD+55 362,1,0.91
46,BD+63 1405,1,0.82
47,BD-00 4475,1,0.81
48,BD-06 1339,2,0.7
49,BD-08 2823,2,0.5
50,BD-10 3166,1,1.47
51,BD-11 4672,2,0.65
52,BD-13 2130,1,2.12
53,BD-17 63,1,0.74
54,CFBDSIR J145829+101343,1,0.02
55,CFHTWIR-Oph 98 A,1,0.01
56,CHXR 73,1,0.35
57,CI Tau,1,0.9
58,COCONUTS-2 A,1,0.37
59,CT Cha,1,
60,CoRoT-1,1,0.95
61,CoRoT-10,1,0.89
62,CoRoT-11,1,1.27
63,CoRoT-12,1,1.08
64,CoRoT-13,1,1.09
65,CoRoT-14,1,1.13
66,CoRoT-16,1,1.1
67,CoRoT-17,1,1.04
68,CoRoT-18,1,0.95
69,CoRoT-19,1,1.21
70,CoRoT-2,1,0.96
71,CoRoT-20,2,1.14
72,CoRoT-21,1,1.29
73,CoRoT-22,1,1.1
74,CoRoT-23,1,1.14
75,CoRoT-24,2,0.91
76,CoRoT-25,1,1.09
77,CoRoT-26,1,1.09
78,CoRoT-27,1,1.05
79,CoRoT-28,1,1.01
80,CoRoT-29,1,0.97
81,CoRoT-3,1,1.37
82,CoRoT-30,1,0.98
83,CoRoT-31,1,1.25
84,CoRoT-4,1,1.16
85,CoRoT-5,1,1.0
86,CoRoT-6,1,1.05
87,CoRoT-7,2,0.82
88,CoRoT-8,1,0.88
89,CoRoT-9,1,0.96
90,CoRoTID 223977153,1,1.08
91,DE CVn,1,0.51
92,DENIS-P J082303.1-491201,1,0.07
93,DH Tau,1,0.33
94,DMPP-1,4,1.21
95,DMPP-2,1,1.44
96,DMPP-3 A,1,0.87
97,DP Leo,1,0.69
98,DS Tuc A,1,1.01
99,EPIC 201170410,1,0.29
100,EPIC 201238110,1,0.41
101,EPIC 201497682,1,0.78
102,K2-166,2,1.07
103,K2-16,3,0.67
104,EPIC 201757695,1,0.73
105,K2-50,2,0.61
106,EPIC 201841433,1,0.8
107,K2-168,2,0.88
108,EPIC 206024342,1,0.93
109,EPIC 206032309,1,0.22
110,EPIC 206042996,1,0.56
111,EPIC 206215704,1,0.41
112,EPIC 206317286,1,0.71
113,EPIC 211822797,1,0.62
114,EPIC 211945201,1,1.17
115,EPIC 212297394,2,0.83
116,EPIC 212424622,1,1.11
117,EPIC 212499991,1,0.91
118,EPIC 212587672,2,0.99
119,EPIC 212737443,2,0.69
120,K2-282,2,0.94
121,EPIC 220674823,2,0.97
122,EPIC 246851721,1,1.32
123,EPIC 248847494,1,0.9
124,EPIC 249893012,3,1.05
125,FU Tau,1,0.05
126,G 264-012,2,0.3
127,G 9-40,1,0.29
128,GJ 1061,3,0.12
129,GJ 1132,2,0.18
130,GJ 1148,2,0.34
131,GJ 1151,1,
132,GJ 1214,1,0.18
133,GJ 1252,1,0.38
134,GJ 1265,1,0.18
135,GJ 143,2,0.73
136,GJ 15 A,2,0.38
137,GJ 160.2,1,0.69
138,GJ 163,3,
139,GJ 179,1,0.36
140,GJ 180,3,0.43
141,GJ 2056,1,0.62
142,GJ 229,2,0.58
143,GJ 251,1,0.36
144,GJ 27.1,1,0.53
145,GJ 273,2,0.29
146,GJ 3021,1,0.9
147,GJ 3082,1,0.47
148,GJ 3138,3,0.68
149,GJ 317,2,0.42
150,GJ 328,1,0.69
151,GJ 3293,4,0.42
152,GJ 3323,2,0.16
153,GJ 3341,1,0.47
154,GJ 338 B,1,0.64
155,GJ 3470,1,0.54
156,GJ 3473,2,0.36
157,GJ 3512,1,0.12
158,GJ 357,3,0.34
159,GJ 3634,1,0.45
160,GJ 3779,1,0.27
161,GJ 393,1,0.43
162,GJ 3942,1,0.63
163,GJ 3998,2,0.5
164,GJ 411,2,0.39
165,GJ 414 A,2,0.65
166,GJ 422,1,0.35
167,GJ 4276,1,0.41
168,GJ 433,3,0.48
169,GJ 436,1,0.47
170,GJ 480,1,0.45
171,GJ 486,1,0.32
172,GJ 504,1,1.22
173,GJ 536,1,0.52
174,GJ 581,3,0.31
175,GJ 625,1,0.3
176,GJ 649,1,0.54
177,GJ 667 C,5,0.33
178,GJ 674,1,0.35
179,GJ 676 A,4,0.73
180,GJ 682,2,0.27
181,GJ 685,1,0.55
182,GJ 687,2,0.4
183,GJ 720 A,1,0.57
184,GJ 740,1,0.58
185,GJ 832,2,0.45
186,GJ 849,2,0.49
187,GJ 86,1,0.93
188,GJ 876,4,0.32
189,GJ 887,2,0.49
190,GJ 9066,2,0.15
191,GJ 96,1,0.6
192,GJ 9827,3,0.61
193,GPX-1,1,1.68
194,GQ Lup,1,
195,GSC 06214-00210,1,0.9
196,GU Psc,1,0.33
197,Gl 378,1,0.56
198,Gl 49,1,0.52
199,Gl 686,1,0.43
200,HAT-P-1,1,1.15
201,HAT-P-11,2,0.81
202,HAT-P-12,1,0.73
203,HAT-P-13,2,
204,HAT-P-14,1,2.65
205,HAT-P-15,1,1.0
206,HAT-P-16,1,1.22
207,HAT-P-17,2,0.99
208,HAT-P-18,1,0.77
209,HAT-P-19,1,0.84
210,HAT-P-2,1,1.33
211,HAT-P-20,1,0.76
212,HAT-P-21,1,1.24
213,HAT-P-22,1,1.13
214,HAT-P-23,1,0.58
215,HAT-P-24,1,1.37
216,HAT-P-25,1,1.01
217,HAT-P-26,1,1.12
218,HAT-P-27,1,0.92
219,HAT-P-28,1,1.02
220,HAT-P-29,1,1.45
221,HAT-P-3,1,1.06
222,HAT-P-30,1,1.55
223,HAT-P-31,1,1.31
224,HAT-P-32,1,1.13
225,HAT-P-33,1,1.82
226,HAT-P-34,1,1.39
227,HAT-P-35,1,1.24
228,HAT-P-36,1,1.03
229,HAT-P-37,1,0.93
230,HAT-P-38,1,0.89
231,HAT-P-39,1,1.4
232,HAT-P-4,1,
233,HAT-P-40,1,1.03
234,HAT-P-41,1,2.56
235,HAT-P-42,1,1.18
236,HAT-P-43,1,1.03
237,HAT-P-44,2,0.94
238,HAT-P-45,1,1.26
239,HAT-P-46,1,1.28
240,HAT-P-49,1,2.22
241,HAT-P-5,1,1.04
242,HAT-P-50,1,1.27
243,HAT-P-51,1,0.98
244,HAT-P-52,1,0.89
245,HAT-P-53,1,1.09
246,HAT-P-54,1,0.65
247,HAT-P-55,1,1.01
248,HAT-P-56,1,1.42
249,HAT-P-57,1,2.77
250,HAT-P-58,1,1.03
251,HAT-P-59,1,1.01
252,HAT-P-6,1,1.79
253,HAT-P-60,1,1.44
254,HAT-P-61,1,1.0
255,HAT-P-62,1,1.02
256,HAT-P-63,1,0.93
257,HAT-P-64,1,1.3
258,HAT-P-65,1,1.21
259,HAT-P-66,1,1.25
260,HAT-P-67,1,1.64
261,HAT-P-68,1,0.68
262,HAT-P-69,1,1.65
263,HAT-P-7,1,1.56
264,HAT-P-70,1,1.89
265,HAT-P-8,1,1.27
266,HAT-P-9,1,1.28
267,HATS-1,1,0.99
268,HATS-10,1,1.1
269,HATS-11,1,1.33
270,HATS-12,1,1.16
271,HATS-13,1,0.96
272,HATS-14,1,0.97
273,HATS-15,1,0.87
274,HATS-16,1,0.97
275,HATS-17,1,1.13
276,HATS-18,1,1.04
277,HATS-2,1,0.88
278,HATS-22,1,0.76
279,HATS-23,1,1.12
280,HATS-24,1,1.07
281,HATS-25,1,0.99
282,HATS-26,1,1.3
283,HATS-27,1,1.42
284,HATS-28,1,0.93
285,HATS-29,1,1.03
286,HATS-3,1,1.21
287,HATS-30,1,1.09
288,HATS-31,1,1.27
289,HATS-32,1,1.1
290,HATS-33,1,1.06
291,HATS-34,1,0.95
292,HATS-35,1,1.32
293,HATS-36,1,1.1
294,HATS-37 A,1,0.84
295,HATS-38,1,0.89
296,HATS-39,1,1.38
297,HATS-4,1,1.0
298,HATS-40,1,1.56
299,HATS-41,1,1.5
300,HATS-42,1,1.27
301,HATS-43,1,0.84
302,HATS-44,1,0.86
303,HATS-45,1,1.27
304,HATS-46,1,0.92
305,HATS-47,1,0.67
306,HATS-48 A,1,0.73
307,HATS-49,1,0.71
308,HATS-5,1,0.94
309,HATS-50,1,1.17
310,HATS-51,1,1.19
311,HATS-52,1,1.11
312,HATS-53,1,0.96
313,HATS-54,1,1.1
314,HATS-55,1,1.2
315,HATS-56,1,1.57
316,HATS-57,1,1.03
317,HATS-58 A,1,1.46
318,HATS-59,2,1.04
319,HATS-6,1,0.57
320,HATS-60,1,1.1
321,HATS-61,1,1.08
322,HATS-62,1,0.9
323,HATS-63,1,0.93
324,HATS-64,1,1.56
325,HATS-65,1,1.26
326,HATS-66,1,1.41
327,HATS-67,1,1.44
328,HATS-68,1,1.35
329,HATS-69,1,0.89
330,HATS-7,1,0.85
331,HATS-70,1,1.78
332,HATS-71,1,0.49
333,HATS-72,1,0.73
334,HATS-8,1,1.06
335,HATS-9,1,1.1
336,HD 100546,1,2.4
337,HD 100655,1,2.28
338,HD 100777,1,0.83
339,HD 10180,6,1.06
340,HD 101930,1,0.57
341,HD 102117,1,1.06
342,HD 102195,1,0.76
343,HD 102272,1,1.45
344,HD 102329,2,3.21
345,HD 102365,1,0.85
346,HD 102843,1,0.95
347,HD 102956,1,1.66
348,HD 103197,1,0.8
349,HD 103720,1,0.79
350,HD 103774,1,1.33
351,HD 103949,1,0.77
352,HD 104067,1,0.62
353,HD 10442,1,1.01
354,HD 104985,1,2.3
355,HD 106252,1,1.01
356,HD 106270,1,1.39
357,HD 106315,2,1.09
358,HD 10647,1,1.11
359,HD 106515 A,1,0.97
360,HD 106906,1,1.5
361,HD 10697,1,1.13
362,HD 107148,2,1.12
363,HD 108147,1,1.22
364,HD 108236,5,0.87
365,HD 108341,1,0.84
366,HD 108863,1,1.59
367,HD 108874,2,1.1
368,HD 109246,1,1.2
369,HD 109271,2,1.05
370,HD 109286,1,0.98
371,HD 109749,1,1.13
372,HD 110014,1,2.17
373,HD 110082,1,1.21
374,HD 110113,2,1.0
375,HD 111232,1,0.84
376,HD 111591,1,1.94
377,HD 111998,1,1.18
378,HD 112640,1,1.8
379,HD 113337,1,1.4
380,HD 113538,2,0.58
381,HD 113996,1,1.49
382,HD 114386,1,0.6
383,HD 114613,1,1.27
384,HD 114729,1,0.94
385,HD 114762,1,0.8
386,HD 114783,2,0.85
387,HD 11506,2,1.24
388,HD 115954,1,1.18
389,HD 116029,2,0.83
390,HD 117207,1,1.05
391,HD 11755,1,0.72
392,HD 117618,1,1.08
393,HD 118203,1,1.84
394,HD 11964,2,0.91
395,HD 11977,1,1.91
396,HD 120084,1,2.39
397,HD 121504,1,1.62
398,HD 124330,1,1.15
399,HD 12484,1,1.01
400,HD 125390,1,1.36
401,HD 125595,1,0.29
402,HD 125612,3,1.11
403,HD 12648,1,0.67
404,HD 126525,1,0.9
405,HD 12661,2,1.2
406,HD 126614,1,1.26
407,HD 128311,2,0.83
408,HD 128356,1,0.65
409,HD 129445,1,0.99
410,HD 130322,1,0.92
411,HD 131496,1,1.34
412,HD 131664,1,1.19
413,HD 13167,1,1.35
414,HD 13189,1,2.24
415,HD 132406,1,1.03
416,HD 132563,1,1.23
417,HD 133131 A,3,0.95
418,HD 133131 B,3,0.93
419,HD 134060,2,1.09
420,HD 134987,2,1.1
421,HD 136352,3,0.87
422,HD 136418,1,1.48
423,HD 136925,1,0.88
424,HD 137388,1,0.68
425,HD 13808,2,0.77
426,HD 13908,2,1.29
427,HD 13931,1,1.3
428,HD 139357,1,1.35
429,HD 1397,1,1.32
430,HD 14067,1,2.4
431,HD 141004,1,1.05
432,HD 141399,4,1.07
433,HD 141937,1,1.09
434,HD 142,2,1.23
435,HD 142022 A,1,0.9
436,HD 142245,1,3.5
437,HD 142415,1,1.07
438,HD 143105,1,1.51
439,HD 143361,1,0.97
440,HD 145377,1,1.2
441,HD 145457,1,1.23
442,HD 145934,1,1.75
443,HD 1461,2,1.02
444,HD 147018,2,0.93
445,HD 147379,1,0.6
446,HD 147513,1,1.11
447,HD 14787,1,1.43
448,HD 147873,2,1.38
449,HD 148156,1,1.22
450,HD 148164,2,1.21
451,HD 148427,1,1.64
452,HD 149026,1,1.42
453,HD 149143,1,1.2
454,HD 1502,1,1.46
455,HD 150706,1,1.17
456,HD 152079,1,1.15
457,HD 152581,1,1.3
458,HD 152843,2,1.15
459,HD 15337,2,0.9
460,HD 153950,1,1.25
461,HD 154345,1,0.71
462,HD 154672,1,1.18
463,HD 154857,2,1.96
464,HD 155193,1,1.22
465,HD 155233,1,1.69
466,HD 155358,2,1.15
467,HD 156279,2,0.95
468,HD 156411,1,1.25
469,HD 156668,2,0.77
470,HD 156846,1,1.38
471,HD 158038,1,1.3
472,HD 158259,5,1.08
473,HD 158996,1,1.8
474,HD 159243,2,1.12
475,HD 159868,2,1.19
476,HD 1605,2,1.33
477,HD 160691,4,1.08
478,HD 16141,1,1.11
479,HD 16175,1,1.63
480,HD 162020,1,0.42
481,HD 163607,2,1.12
482,HD 16417,1,1.2
483,HD 164509,1,1.12
484,HD 164595,1,0.99
485,HD 164604,1,0.77
486,HD 164922,4,0.93
487,HD 165155,1,1.02
488,HD 1666,1,1.5
489,HD 166724,1,0.81
490,HD 167042,1,1.72
491,HD 168009,1,0.99
492,HD 168443,2,0.99
493,HD 168746,1,1.07
494,HD 1690,1,1.86
495,HD 169830,2,1.4
496,HD 170469,1,1.1
497,HD 17092,1,6.73
498,HD 171028,1,1.53
499,HD 171238,1,0.96
500,HD 17156,1,1.41
501,HD 173416,1,2.0
502,HD 175167,1,1.37
503,HD 175541,1,1.39
504,HD 175607,1,0.71
505,HD 17674,1,0.98
506,HD 176986,2,0.79
507,HD 177565,1,1.0
508,HD 177830,2,1.7
509,HD 178911 B,1,1.24
510,HD 179079,1,1.14
511,HD 179949,1,1.21
512,HD 180053,1,1.75
513,HD 18015,1,1.49
514,HD 180314,1,2.2
515,HD 180617,1,0.48
516,HD 180902,1,1.41
517,HD 181234,1,1.01
518,HD 181342,1,1.69
519,HD 181433,3,0.63
520,HD 181720,1,1.03
521,HD 183263,2,1.31
522,HD 183579,1,1.03
523,HD 185269,1,1.3
524,HD 187085,1,1.19
525,HD 187123,2,1.04
526,HD 18742,1,1.36
527,HD 188015,1,1.09
528,HD 189733,1,0.79
529,HD 190007,1,0.77
530,HD 190360,2,0.99
531,HD 190647,1,1.07
532,HD 190984,1,0.91
533,HD 191806,1,1.14
534,HD 191939,3,0.92
535,HD 192263,1,0.66
536,HD 192310,2,0.8
537,HD 192699,1,1.38
538,HD 195019,1,1.21
539,HD 196050,1,1.31
540,HD 196067,1,1.29
541,HD 196885 A,1,1.28
542,HD 197037,1,1.11
543,HD 19994,1,1.36
544,HD 20003,2,0.88
545,HD 200964,2,1.39
546,HD 202206,1,1.07
547,HD 202696,2,1.91
548,HD 202772 A,1,1.72
549,HD 203030,1,
550,HD 203473,1,1.12
551,HD 2039,1,1.23
552,HD 204313,2,1.03
553,HD 204941,1,0.58
554,HD 205739,1,1.22
555,HD 206255,1,1.42
556,HD 206610,1,1.55
557,HD 20781,5,0.7
558,HD 20782,5,1.04
559,HD 207832,2,1.05
560,HD 20794,4,0.7
561,HD 208487,1,1.13
562,HD 208527,1,1.6
563,HD 20868,1,0.39
564,HD 208897,1,1.25
565,HD 209458,1,1.23
566,HD 210193,1,1.04
567,HD 210277,1,1.01
568,HD 210702,1,1.61
569,HD 211403,1,1.2
570,HD 211810,1,1.03
571,HD 211970,1,0.61
572,HD 212301,1,1.55
573,HD 212771,1,1.56
574,HD 213240,1,1.57
575,HD 213472,1,1.05
576,HD 213885,2,1.07
577,HD 21411,1,0.89
578,HD 214823,1,1.31
579,HD 215152,4,0.77
580,HD 215497,2,0.67
581,HD 216435,1,1.3
582,HD 216437,1,1.17
583,HD 216520,2,0.82
584,HD 216536,1,0.81
585,HD 216770,1,0.74
586,HD 21693,2,0.8
587,HD 217107,2,1.0
588,HD 217786,1,1.02
589,HD 217850,1,1.03
590,HD 218566,1,0.76
591,HD 219077,1,1.05
592,HD 219134,6,0.81
593,HD 219415,1,1.0
594,HD 219666,1,0.92
595,HD 219828,2,1.18
596,HD 220074,1,2.2
597,HD 220197,1,0.91
598,HD 220689,1,1.02
599,HD 220773,1,1.16
600,HD 220842,1,1.13
601,HD 221287,1,1.25
602,HD 221416,1,1.21
603,HD 221420,1,1.35
604,HD 221585,1,1.19
605,HD 222076,1,1.07
606,HD 222155,1,1.21
607,HD 222582,1,1.12
608,HD 224538,1,1.34
609,HD 224693,1,1.31
610,HD 22496,1,0.68
611,HD 22781,1,0.75
612,HD 23079,1,1.12
613,HD 23127,1,1.21
614,HD 231701,1,1.21
615,HD 233604,1,1.5
616,HD 233832,1,0.71
617,HD 23472,2,0.75
618,HD 23596,1,1.47
619,HD 238090,1,0.58
620,HD 238914,1,1.47
621,HD 240210,1,0.82
622,HD 240237,1,8.76
623,HD 24040,2,1.11
624,HD 24064,1,1.61
625,HD 24085,1,1.22
626,HD 25015,1,0.86
627,HD 25171,1,1.08
628,HD 26161,1,1.13
629,HD 2638,1,0.77
630,HD 2685,1,1.43
631,HD 26965,1,0.78
632,HD 27442,1,1.23
633,HD 27631,1,0.94
634,HD 27894,3,0.8
635,HD 27969,1,1.16
636,HD 28185,1,1.02
637,HD 28254,1,1.06
638,HD 285507,1,0.82
639,HD 285968,1,0.5
640,HD 28678,1,1.53
641,HD 29021,1,0.85
642,HD 290327,1,0.84
643,HD 2952,1,1.97
644,HD 30177,2,1.05
645,HD 30562,1,1.12
646,HD 30669,1,0.92
647,HD 30856,1,1.17
648,HD 31253,1,1.7
649,HD 31527,3,0.96
650,HD 3167,3,0.94
651,HD 32518,1,1.13
652,HD 32963,1,0.94
653,HD 330075,1,0.47
654,HD 331093,1,1.03
655,HD 33142,2,1.41
656,HD 332231,1,1.13
657,HD 33283,1,1.38
658,HD 33564,1,1.25
659,HD 33844,2,1.84
660,HD 34445,6,1.14
661,HD 35759,1,1.15
662,HD 3651,1,0.8
663,HD 37124,3,0.85
664,HD 37605,2,0.94
665,HD 3765,1,0.85
666,HD 38283,1,1.37
667,HD 38529,2,1.41
668,HD 38801,1,1.21
669,HD 39091,2,1.09
670,HD 39855,1,0.87
671,HD 40307,5,0.77
672,HD 40956,1,2.0
673,HD 40979,1,1.45
674,HD 41004 A,2,
675,HD 41004 B,2,0.4
676,HD 4113,1,0.99
677,HD 42012,1,0.83
678,HD 4203,2,1.25
679,HD 4208,1,0.88
680,HD 42618,1,1.01
681,HD 4308,1,0.93
682,HD 4313,1,1.63
683,HD 43197,1,0.96
684,HD 43691,1,1.32
685,HD 44219,1,1.0
686,HD 45184,2,1.03
687,HD 45350,1,0.98
688,HD 45364,2,0.82
689,HD 45652,1,0.92
690,HD 46375,1,0.92
691,HD 47186,2,0.96
692,HD 4732,2,1.74
693,HD 47366,2,2.19
694,HD 47536,1,2.1
695,HD 4760,1,1.05
696,HD 48265,1,1.31
697,HD 4917,1,1.32
698,HD 49674,1,1.03
699,HD 50499,2,1.25
700,HD 50554,1,1.04
701,HD 51608,2,0.8
702,HD 52265,1,1.2
703,HD 5278,2,1.13
704,HD 5319,2,1.27
705,HD 55696,1,1.29
706,HD 5583,1,1.01
707,HD 5608,1,1.53
708,HD 564,1,0.96
709,HD 5891,1,1.93
710,HD 59686 A,1,1.9
711,HD 60292,1,1.7
712,HD 60532,2,1.5
713,HD 62509,1,
714,HD 63433,2,0.99
715,HD 63454,1,0.42
716,HD 63765,1,0.65
717,HD 64114,1,0.95
718,HD 6434,1,1.1
719,HD 65216,2,0.87
720,HD 66141,1,1.1
721,HD 66428,2,1.08
722,HD 67087,2,1.36
723,HD 6718,1,1.08
724,HD 68402,1,1.12
725,HD 68988,2,1.28
726,HD 69830,3,0.86
727,HD 70573,1,1.0
728,HD 70642,1,1.08
729,HD 7199,1,0.77
730,HD 72490,1,1.21
731,HD 72659,1,1.43
732,HD 72892,1,1.02
733,HD 73267,1,0.9
734,HD 73526,2,1.14
735,HD 73534,1,1.16
736,HD 74156,2,1.24
737,HD 7449,1,1.05
738,HD 75289,1,1.29
739,HD 75784,2,1.26
740,HD 75898,1,1.26
741,HD 76700,1,0.99
742,HD 76920,1,1.17
743,HD 77338,1,1.37
744,HD 7924,3,0.65
745,HD 79498,1,1.08
746,HD 80606,1,1.15
747,HD 80653,1,1.18
748,HD 80869,1,1.08
749,HD 81040,1,1.05
750,HD 81688,1,2.1
751,HD 81817,1,4.3
752,HD 82886,1,2.53
753,HD 82943,2,1.08
754,HD 8326,1,0.8
755,HD 83443,1,0.79
756,HD 8535,1,1.13
757,HD 85390,1,0.76
758,HD 85512,1,0.43
759,HD 8574,1,1.34
760,HD 86081,1,1.21
761,HD 86226,2,1.02
762,HD 86264,1,1.42
763,HD 8673,1,1.28
764,HD 86950,1,1.66
765,HD 87646,1,1.12
766,HD 87883,1,0.66
767,HD 88133,1,1.26
768,HD 89307,1,1.27
769,HD 89345,1,1.16
770,HD 89744,1,1.86
771,HD 90156,1,0.84
772,HD 9174,1,1.03
773,HD 92788,2,1.15
774,HD 92987,1,1.08
775,HD 93083,1,0.7
776,HD 9446,2,1.0
777,HD 94834,1,1.11
778,HD 95086,1,1.6
779,HD 95089,2,1.54
780,HD 95127,1,3.7
781,HD 95338,1,0.83
782,HD 95544,1,1.09
783,HD 95872,1,0.7
784,HD 96063,1,1.37
785,HD 96127,1,10.94
786,HD 96167,1,1.27
787,HD 96992,1,0.96
788,HD 97048,1,2.4
789,HD 97658,1,0.85
790,HD 98219,1,1.41
791,HD 98649,1,1.03
792,HD 98736,1,0.92
793,HD 99109,1,0.76
794,HD 99492,1,0.48
795,HD 99706,2,1.46
796,HIP 105854,1,2.1
797,HIP 107772,1,0.63
798,HIP 107773,1,2.42
799,HIP 109384,1,0.78
800,HIP 109600,1,0.87
801,HIP 114933,1,1.39
802,HIP 116454,1,0.81
803,HIP 12961,1,0.69
804,HIP 14810,3,1.01
805,HIP 35173,1,0.79
806,HIP 38594,2,0.61
807,HIP 41378,5,1.17
808,HIP 4845,1,0.62
809,HIP 48714,1,0.58
810,HIP 5158,2,0.78
811,HIP 54373,2,0.57
812,HIP 56640,1,1.04
813,HIP 57274,3,0.29
814,HIP 63242,1,1.54
815,HIP 65 A,1,0.78
816,HIP 65407,2,0.93
817,HIP 65426,1,1.96
818,HIP 65891,1,2.5
819,HIP 67522,1,1.22
820,HIP 67537,1,2.41
821,HIP 67851,2,1.63
822,HIP 70849,1,0.63
823,HIP 71135,1,0.66
824,HIP 74890,1,1.74
825,HIP 75092,1,1.28
826,HIP 78530,1,2.5
827,HIP 79098 AB,1,3.75
828,HIP 79431,1,0.48
829,HIP 8541,1,1.17
830,HIP 90988,1,1.3
831,HIP 91258,1,0.97
832,HIP 97233,1,1.93
833,HN Peg,1,
834,HR 2562,1,1.3
835,HR 5183,1,1.07
836,HR 810,1,1.34
837,HR 858,3,1.15
838,HR 8799,4,1.5
839,HU Aqr,2,0.88
840,HW Vir,1,0.48
841,IC 4651 9122,1,2.1
842,K2-10,1,0.92
843,K2-100,1,1.15
844,K2-101,1,0.82
845,K2-102,1,0.77
846,K2-104,1,0.51
847,K2-105,1,1.05
848,K2-107,1,1.3
849,K2-108,1,1.17
850,K2-11,1,1.35
851,K2-110,1,0.75
852,K2-111,2,0.84
853,K2-113,1,1.04
854,K2-114,1,0.89
855,K2-115,1,0.95
856,K2-116,1,0.69
857,K2-117,2,0.54
858,K2-118,1,0.76
859,K2-119,1,0.76
860,K2-12,1,1.01
861,K2-120,1,0.69
862,K2-121,1,0.69
863,K2-122,1,0.63
864,K2-123,1,0.62
865,K2-124,1,0.39
866,K2-125,1,0.49
867,K2-126,1,0.69
868,K2-127,1,0.72
869,K2-128,1,0.71
870,K2-129,1,0.36
871,K2-13,1,0.8
872,K2-130,1,0.7
873,K2-131,1,0.84
874,K2-132,1,1.08
875,K2-133,4,0.46
876,K2-136,3,0.74
877,K2-137,1,0.46
878,K2-138,6,0.94
879,K2-139,1,0.96
880,K2-14,1,0.47
881,K2-140,1,0.96
882,K2-141,2,0.71
883,K2-146,2,0.33
884,K2-147,1,0.58
885,K2-148,3,0.65
886,K2-149,1,0.59
887,K2-15,1,0.72
888,K2-150,1,0.46
889,K2-151,1,0.47
890,K2-152,1,0.63
891,K2-153,1,0.55
892,K2-154,2,0.65
893,K2-155,3,0.65
894,K2-156,1,0.66
895,K2-157,1,0.94
896,K2-158,2,0.92
897,K2-159,1,0.9
898,K2-160,1,0.98
899,K2-161,1,0.99
900,K2-162,1,0.75
901,K2-163,1,0.83
902,K2-164,1,1.18
903,K2-165,3,0.83
904,K2-167,1,1.02
905,K2-169,1,0.99
906,K2-17,1,0.71
907,K2-170,2,0.96
908,K2-171,1,0.89
909,K2-172,2,0.93
910,K2-173,1,0.88
911,K2-174,1,0.7
912,K2-175,1,1.09
913,K2-176,1,0.94
914,K2-177,1,1.21
915,K2-178,1,0.95
916,K2-179,1,0.82
917,K2-18,2,0.36
918,K2-180,1,0.72
919,K2-181,1,0.99
920,K2-182,1,0.84
921,K2-183,3,0.94
922,K2-184,1,0.84
923,K2-185,2,0.96
924,K2-186,1,1.02
925,K2-187,4,0.98
926,K2-188,2,1.06
927,K2-189,2,0.94
928,K2-19,3,0.93
929,K2-190,2,0.9
930,K2-191,1,0.9
931,K2-192,1,0.9
932,K2-193,1,1.01
933,K2-194,1,1.11
934,K2-195,2,0.94
935,K2-196,1,1.16
936,K2-197,1,1.0
937,K2-198,3,0.8
938,K2-199,2,0.73
939,K2-200,1,0.86
940,K2-201,2,0.96
941,K2-202,1,0.97
942,K2-203,1,0.79
943,K2-204,1,1.01
944,K2-205,1,0.95
945,K2-206,1,0.79
946,K2-207,1,0.94
947,K2-208,1,0.93
948,K2-209,1,0.74
949,K2-21,2,0.68
950,K2-210,1,0.91
951,K2-211,1,0.88
952,K2-212,1,0.67
953,K2-213,1,1.07
954,K2-214,1,1.05
955,K2-215,1,1.0
956,K2-216,1,0.7
957,K2-217,1,1.1
958,K2-218,1,1.05
959,K2-219,3,1.02
960,K2-22,1,0.6
961,K2-220,1,0.96
962,K2-221,1,1.01
963,K2-222,1,1.0
964,K2-223,2,1.06
965,K2-224,2,0.91
966,K2-225,1,1.27
967,K2-226,1,0.88
968,K2-227,1,0.95
969,K2-228,1,0.71
970,K2-229,2,0.87
971,K2-230,1,1.11
972,K2-231,1,1.01
973,K2-232,1,1.19
974,K2-233,3,0.79
975,K2-237,1,1.23
976,K2-238,1,1.19
977,K2-239,3,0.4
978,K2-24,2,1.07
979,K2-240,2,0.58
980,K2-241,1,0.71
981,K2-242,1,0.38
982,K2-243,2,1.29
983,K2-244,1,0.86
984,K2-245,1,0.83
985,K2-246,1,0.87
986,K2-247,2,0.74
987,K2-248,1,0.88
988,K2-249,1,1.32
989,K2-25,1,0.29
990,K2-250,1,0.8
991,K2-251,1,0.52
992,K2-252,1,0.79
993,K2-253,1,1.08
994,K2-254,2,0.71
995,K2-255,1,0.71
996,K2-256,1,0.84
997,K2-257,1,0.52
998,K2-258,1,1.21
999,K2-259,1,1.14
1000,K2-26,1,0.56
1001,K2-260,1,1.39
1002,K2-261,1,1.1
1003,K2-263,1,0.88
1004,K2-264,2,0.5
1005,K2-265,1,0.92
1006,K2-266,4,0.69
1007,K2-268,5,0.84
1008,K2-269,1,1.16
1009,K2-27,1,0.87
1010,K2-270,2,0.85
1011,K2-271,1,0.83
1012,K2-272,1,0.86
1013,K2-273,1,0.89
1014,K2-274,1,0.79
1015,K2-275,2,0.77
1016,K2-276,1,0.82
1017,K2-277,1,1.02
1018,K2-278,1,1.4
1019,K2-279,1,0.79
1020,K2-28,1,0.26
1021,K2-280,1,1.03
1022,K2-281,1,0.82
1023,K2-283,1,0.89
1024,K2-284,1,0.63
1025,K2-285,4,0.83
1026,K2-286,1,0.64
1027,K2-287,1,1.06
1028,K2-288 B,1,0.33
1029,K2-289,1,0.95
1030,K2-29,1,0.94
1031,K2-290,2,1.19
1032,K2-291,1,0.93
1033,K2-292,1,1.0
1034,K2-293,1,0.96
1035,K2-294,1,0.99
1036,K2-295,1,0.74
1037,K2-3,3,0.6
1038,K2-30,1,0.9
1039,K2-308,1,1.09
1040,K2-31,1,0.91
1041,K2-315,1,0.17
1042,K2-316,2,0.41
1043,K2-317,1,0.4
1044,K2-318,1,0.56
1045,K2-319,1,0.95
1046,K2-32,4,0.83
1047,K2-320,1,0.12
1048,K2-321,1,0.6
1049,K2-322,1,0.63
1050,K2-323,1,0.48
1051,K2-324,1,0.52
1052,K2-325,1,0.27
1053,K2-326,1,0.51
1054,K2-329,1,0.9
1055,K2-33,1,0.56
1056,K2-330,1,1.23
1057,K2-331,2,1.1
1058,K2-332,1,0.27
1059,K2-333,1,1.06
1060,K2-334,1,1.36
1061,K2-335,1,1.23
1062,K2-336,1,0.86
1063,K2-337,1,0.94
1064,K2-338,1,0.66
1065,K2-339,1,0.74
1066,K2-34,1,1.16
1067,K2-340,1,0.93
1068,K2-341,1,0.98
1069,K2-342,1,1.01
1070,K2-343,2,0.49
1071,K2-344,1,0.51
1072,K2-345,1,0.56
1073,K2-346,1,0.71
1074,K2-347,1,0.66
1075,K2-348,2,0.83
1076,K2-349,1,0.54
1077,K2-35,2,0.7
1078,K2-350,2,0.98
1079,K2-351,1,1.02
1080,K2-352,3,0.98
1081,K2-353,1,0.87
1082,K2-354,1,0.43
1083,K2-355,1,0.96
1084,K2-356,1,0.9
1085,K2-357,1,0.98
1086,K2-358,1,0.93
1087,K2-36,2,0.79
1088,K2-37,3,0.9
1089,K2-38,2,2.24
1090,K2-39,1,0.66
1091,K2-4,1,0.64
1092,K2-42,1,0.7
1093,K2-43,2,0.57
1094,K2-44,1,1.15
1095,K2-45,1,0.5
1096,K2-46,1,0.96
1097,K2-47,1,0.75
1098,K2-48,1,0.77
1099,K2-49,1,0.51
1100,K2-5,2,0.61
1101,K2-52,1,1.69
1102,K2-53,1,0.85
1103,K2-54,1,0.42
1104,K2-55,1,0.7
1105,K2-57,1,0.68
1106,K2-58,3,0.89
1107,K2-59,2,0.77
1108,K2-6,1,0.97
1109,K2-60,1,0.97
1110,K2-61,1,1.21
1111,K2-62,2,0.77
1112,K2-63,2,1.4
1113,K2-64,1,0.74
1114,K2-65,1,0.87
1115,K2-66,1,1.11
1116,K2-68,1,0.73
1117,K2-69,1,0.55
1118,K2-7,1,0.97
1119,K2-70,1,0.94
1120,K2-71,1,0.48
1121,K2-72,4,0.27
1122,K2-73,1,1.05
1123,K2-74,1,0.96
1124,K2-75,2,1.16
1125,K2-77,1,0.8
1126,K2-79,1,1.06
1127,K2-8,2,0.78
1128,K2-80,3,0.9
1129,K2-81,1,0.75
1130,K2-83,2,0.48
1131,K2-84,2,0.95
1132,K2-85,1,0.57
1133,K2-86,1,0.79
1134,K2-87,1,1.16
1135,K2-88,1,0.26
1136,K2-89,1,0.35
1137,K2-9,1,0.3
1138,K2-90,2,0.63
1139,K2-91,1,0.29
1140,K2-95,1,0.41
1141,K2-97,1,1.2
1142,K2-98,1,1.2
1143,K2-99,1,1.63
1144,KELT-1,1,1.32
1145,KELT-10,1,1.11
1146,KELT-11,1,1.44
1147,KELT-12,1,1.59
1148,KELT-14,1,1.24
1149,KELT-15,1,2.06
1150,KELT-16,1,1.21
1151,KELT-17,1,1.64
1152,KELT-18,1,1.52
1153,KELT-19 A,1,1.62
1154,KELT-2 A,1,1.54
1155,KELT-20,1,1.76
1156,KELT-21,1,1.46
1157,KELT-23 A,1,0.94
1158,KELT-24,1,1.46
1159,KELT-3,1,1.96
1160,KELT-4 A,1,1.2
1161,KELT-6,2,1.42
1162,KELT-7,1,1.76
1163,KELT-8,1,0.81
1164,KELT-9,1,2.52
1165,KIC 10001893,3,
1166,KIC 10068024,1,1.22
1167,KIC 10525077,1,1.01
1168,KIC 3558849,1,0.98
1169,KIC 5095269,1,1.21
1170,KIC 5437945,2,1.07
1171,KIC 5479689,1,0.97
1172,KIC 5951458,1,0.98
1173,KIC 7917485,1,1.63
1174,KIC 8121913,1,1.46
1175,KOI-7892,2,1.04
1176,KIC 9663113,2,0.98
1177,KMT-2016-BLG-0212L,1,0.48
1178,KMT-2016-BLG-1107L,1,0.09
1179,KMT-2016-BLG-1397L,1,0.45
1180,KMT-2016-BLG-1820L,1,0.04
1181,KMT-2016-BLG-1836L,1,0.49
1182,KMT-2016-BLG-2142L,1,0.07
1183,KMT-2016-BLG-2364L,1,0.5
1184,KMT-2016-BLG-2397L,1,0.64
1185,KMT-2017-BLG-0165L,1,0.76
1186,KMT-2017-BLG-1038L,1,0.37
1187,KMT-2017-BLG-1146L,1,0.33
1188,KMT-2018-BLG-0029L,1,1.14
1189,KMT-2018-BLG-0748L,1,0.09
1190,KMT-2018-BLG-1025L,1,0.22
1191,KMT-2018-BLG-1292L,1,1.09
1192,KMT-2018-BLG-1743L,1,0.19
1193,KMT-2018-BLG-1976L,1,0.65
1194,KMT-2018-BLG-1990L,1,0.09
1195,KMT-2018-BLG-1996L,1,0.69
1196,KMT-2019-BLG-0371L,1,0.09
1197,KMT-2019-BLG-0842L,1,0.76
1198,KMT-2019-BLG-1339L,1,0.48
1199,KMT-2019-BLG-1715L,1,0.61
1200,KMT-2019-BLG-1953L,1,0.31
1201,KOI-12,2,1.5
1202,KOI-1257,1,0.99
1203,KOI-13,1,1.72
1204,KOI-142,3,0.99
1205,KOI-1599,2,1.02
1206,KOI-1783,2,1.08
1207,Kepler-324,3,0.9
1208,Kepler-968,3,0.68
1209,KOI-217,1,0.95
1210,KOI-3503,2,0.86
1211,KOI-351,8,1.2
1212,KOI-3680,1,1.01
1213,KOI-55,2,0.5
1214,KOI-94,4,1.28
1215,KPS-1,1,0.89
1216,Kapteyn,1,0.28
1217,Kepler-10,2,0.91
1218,Kepler-100,3,1.08
1219,Kepler-1000,1,1.4
1220,Kepler-1001,2,0.9
1221,Kepler-1002,1,1.22
1222,Kepler-1003,1,1.11
1223,Kepler-1004,1,1.11
1224,Kepler-1005,1,1.0
1225,Kepler-1006,1,0.78
1226,Kepler-1007,1,0.73
1227,Kepler-1008,1,0.81
1228,Kepler-1009,1,0.59
1229,Kepler-101,2,1.17
1230,Kepler-1010,1,0.86
1231,Kepler-1011,1,0.91
1232,Kepler-1012,1,0.95
1233,Kepler-1013,1,0.81
1234,Kepler-1014,1,0.88
1235,Kepler-1015,1,1.49
1236,Kepler-1016,2,0.99
1237,Kepler-1017,1,0.93
1238,Kepler-1018,1,0.91
1239,Kepler-1019,1,0.7
1240,Kepler-102,5,0.8
1241,Kepler-1020,1,0.87
1242,Kepler-1021,1,0.89
1243,Kepler-1022,1,0.71
1244,Kepler-1023,1,0.93
1245,Kepler-1024,1,0.81
1246,Kepler-1025,1,1.09
1247,Kepler-1026,1,0.79
1248,Kepler-1027,1,0.91
1249,Kepler-1028,1,0.9
1250,Kepler-1029,1,0.82
1251,Kepler-103,2,1.09
1252,Kepler-1030,1,0.8
1253,Kepler-1031,1,1.09
1254,Kepler-1032,1,0.77
1255,Kepler-1033,1,0.94
1256,Kepler-1034,1,0.83
1257,Kepler-1035,1,0.98
1258,Kepler-1036,1,0.95
1259,Kepler-1037,1,0.82
1260,Kepler-1038,1,0.87
1261,Kepler-1039,1,0.79
1262,Kepler-104,3,
1263,Kepler-1040,1,0.98
1264,Kepler-1041,1,1.06
1265,Kepler-1042,1,0.75
1266,Kepler-1043,1,0.92
1267,Kepler-1044,1,1.08
1268,Kepler-1045,1,0.86
1269,Kepler-1046,1,1.04
1270,Kepler-1047,2,1.08
1271,Kepler-1048,1,0.75
1272,Kepler-1049,1,0.51
1273,Kepler-105,2,1.28
1274,Kepler-1050,2,1.09
1275,Kepler-1051,1,1.43
1276,Kepler-1052,1,1.03
1277,Kepler-1053,1,0.74
1278,Kepler-1054,1,1.22
1279,Kepler-1055,1,0.98
1280,Kepler-1056,1,1.12
1281,Kepler-1057,1,1.07
1282,Kepler-1058,1,0.73
1283,Kepler-1059,1,0.75
1284,Kepler-106,4,1.0
1285,Kepler-1060,1,0.99
1286,Kepler-1061,1,1.09
1287,Kepler-1062,1,0.75
1288,Kepler-1063,1,1.09
1289,Kepler-1064,1,0.85
1290,Kepler-1065,2,0.94
1291,Kepler-1066,1,0.98
1292,Kepler-1067,1,0.95
1293,Kepler-1068,1,1.01
1294,Kepler-1069,1,0.99
1295,Kepler-107,4,1.24
1296,Kepler-1070,1,1.21
1297,Kepler-1071,1,0.86
1298,Kepler-1072,1,1.2
1299,Kepler-1073,2,1.0
1300,Kepler-1074,1,0.6
1301,Kepler-1075,1,0.56
1302,Kepler-1076,1,0.79
1303,Kepler-1077,1,1.02
1304,Kepler-1078,1,0.94
1305,Kepler-1079,1,1.08
1306,Kepler-108,2,
1307,Kepler-1080,1,1.1
1308,Kepler-1081,1,0.88
1309,Kepler-1082,1,1.03
1310,Kepler-1083,1,0.81
1311,Kepler-1084,1,1.12
1312,Kepler-1085,2,1.11
1313,Kepler-1086,2,0.7
1314,Kepler-1087,1,0.96
1315,Kepler-1088,1,1.08
1316,Kepler-1089,1,0.52
1317,Kepler-109,2,1.04
1318,Kepler-1090,1,0.86
1319,Kepler-1091,1,1.01
1320,Kepler-1092,1,0.99
1321,Kepler-1093,2,1.13
1322,Kepler-1094,1,1.14
1323,Kepler-1095,1,0.94
1324,Kepler-1096,1,0.66
1325,Kepler-1097,1,0.82
1326,Kepler-1098,1,0.99
1327,Kepler-1099,1,1.01
1328,Kepler-11,6,0.96
1329,Kepler-110,2,
1330,Kepler-1100,1,1.21
1331,Kepler-1101,1,0.94
1332,Kepler-1102,1,0.96
1333,Kepler-1103,1,1.11
1334,Kepler-1104,1,1.3
1335,Kepler-1105,1,0.71
1336,Kepler-1106,1,1.11
1337,Kepler-1107,1,0.86
1338,Kepler-1108,1,0.88
1339,Kepler-1109,1,1.05
1340,Kepler-111,2,
1341,Kepler-1110,1,0.73
1342,Kepler-1111,1,1.1
1343,Kepler-1112,1,1.34
1344,Kepler-1113,1,1.12
1345,Kepler-1114,1,0.87
1346,Kepler-1115,1,1.6
1347,Kepler-1116,1,0.95
1348,Kepler-1117,1,0.95
1349,Kepler-1118,1,0.96
1350,Kepler-1119,1,1.11
1351,Kepler-112,2,
1352,Kepler-1120,1,0.78
1353,Kepler-1121,1,1.29
1354,Kepler-1122,1,0.92
1355,Kepler-1123,1,0.93
1356,Kepler-1124,1,0.35
1357,Kepler-1125,1,0.95
1358,Kepler-1126,1,0.92
1359,Kepler-1127,1,0.97
1360,Kepler-1128,1,0.94
1361,Kepler-1129,2,1.0
1362,Kepler-113,2,0.75
1363,Kepler-1130,1,0.9
1364,Kepler-1131,1,1.03
1365,Kepler-1132,1,0.87
1366,Kepler-1133,1,0.93
1367,Kepler-1134,1,0.84
1368,Kepler-1135,1,0.96
1369,Kepler-1136,1,0.72
1370,Kepler-1137,1,1.5
1371,Kepler-1138,1,0.95
1372,Kepler-1139,1,0.94
1373,Kepler-114,3,
1374,Kepler-1140,1,0.76
1375,Kepler-1141,1,1.01
1376,Kepler-1142,1,0.97
1377,Kepler-1143,2,0.81
1378,Kepler-1144,1,0.98
1379,Kepler-1145,1,0.79
1380,Kepler-1146,1,0.74
1381,Kepler-1147,1,1.09
1382,Kepler-1148,1,0.81
1383,Kepler-1149,1,1.02
1384,Kepler-115,2,
1385,Kepler-1150,1,0.76
1386,Kepler-1151,1,0.88
1387,Kepler-1152,1,0.55
1388,Kepler-1153,1,0.91
1389,Kepler-1154,2,1.26
1390,Kepler-1155,1,1.03
1391,Kepler-1156,1,1.0
1392,Kepler-1157,1,0.76
1393,Kepler-1158,1,1.41
1394,Kepler-1159,1,1.19
1395,Kepler-116,2,
1396,Kepler-1160,1,0.92
1397,Kepler-1161,1,0.59
1398,Kepler-1162,1,0.89
1399,Kepler-1163,1,1.22
1400,Kepler-1164,1,0.85
1401,Kepler-1165,1,1.13
1402,Kepler-1166,1,0.9
1403,Kepler-1167,1,0.79
1404,Kepler-1168,1,0.87
1405,Kepler-1169,1,1.24
1406,Kepler-117,2,1.13
1407,Kepler-1170,1,0.8
1408,Kepler-1171,1,1.58
1409,Kepler-1172,1,0.92
1410,Kepler-1173,1,0.86
1411,Kepler-1174,1,1.04
1412,Kepler-1175,1,0.9
1413,Kepler-1176,1,1.01
1414,Kepler-1177,1,0.98
1415,Kepler-1178,1,0.8
1416,Kepler-1179,1,0.84
1417,Kepler-118,2,
1418,Kepler-1180,1,1.09
1419,Kepler-1181,1,1.17
1420,Kepler-1182,1,1.04
1421,Kepler-1183,1,1.0
1422,Kepler-1184,1,1.05
1423,Kepler-1185,1,0.96
1424,Kepler-1186,1,0.95
1425,Kepler-1187,1,1.06
1426,Kepler-1188,1,1.04
1427,Kepler-1189,1,1.11
1428,Kepler-119,2,
1429,Kepler-1190,1,0.76
1430,Kepler-1191,1,0.85
1431,Kepler-1192,1,0.86
1432,Kepler-1193,1,1.08
1433,Kepler-1194,1,0.94
1434,Kepler-1195,1,0.74
1435,Kepler-1196,1,0.98
1436,Kepler-1197,1,0.78
1437,Kepler-1198,1,0.93
1438,Kepler-1199,1,0.94
1439,Kepler-12,1,1.17
1440,Kepler-120,2,
1441,Kepler-1200,1,0.74
1442,Kepler-1201,1,1.15
1443,Kepler-1202,1,1.03
1444,Kepler-1203,1,0.64
1445,Kepler-1204,1,1.03
1446,Kepler-1205,1,0.84
1447,Kepler-1206,1,0.8
1448,Kepler-1207,1,1.06
1449,Kepler-1208,1,0.8
1450,Kepler-1209,1,1.23
1451,Kepler-121,2,
1452,Kepler-1210,1,0.94
1453,Kepler-1211,1,0.96
1454,Kepler-1212,1,1.1
1455,Kepler-1213,1,1.14
1456,Kepler-1214,1,0.85
1457,Kepler-1215,1,0.95
1458,Kepler-1216,1,0.99
1459,Kepler-1217,1,1.06
1460,Kepler-1218,1,1.06
1461,Kepler-1219,1,1.25
1462,Kepler-122,5,
1463,Kepler-1220,1,1.0
1464,Kepler-1221,1,0.87
1465,Kepler-1222,1,0.84
1466,Kepler-1223,1,0.8
1467,Kepler-1224,1,1.18
1468,Kepler-1225,1,1.13
1469,Kepler-1226,1,1.02
1470,Kepler-1227,1,0.97
1471,Kepler-1228,1,0.78
1472,Kepler-1229,1,0.54
1473,Kepler-123,2,
1474,Kepler-1230,1,1.06
1475,Kepler-1231,1,1.01
1476,Kepler-1232,1,0.92
1477,Kepler-1233,1,1.16
1478,Kepler-1234,1,0.8
1479,Kepler-1235,1,0.93
1480,Kepler-1236,1,0.86
1481,Kepler-1237,1,0.94
1482,Kepler-1238,1,1.3
1483,Kepler-1239,1,1.4
1484,Kepler-124,3,
1485,Kepler-1240,1,0.98
1486,Kepler-1241,1,0.84
1487,Kepler-1242,1,0.77
1488,Kepler-1243,1,0.96
1489,Kepler-1244,1,1.46
1490,Kepler-1245,2,0.86
1491,Kepler-1246,1,0.73
1492,Kepler-1247,1,0.86
1493,Kepler-1248,1,1.21
1494,Kepler-1249,1,1.19
1495,Kepler-125,2,
1496,Kepler-1250,1,0.99
1497,Kepler-1251,1,0.92
1498,Kepler-1252,1,1.06
1499,Kepler-1253,1,0.97
1500,Kepler-1254,3,0.78
1501,Kepler-1255,1,1.08
1502,Kepler-1256,1,1.17
1503,Kepler-1257,1,0.9
1504,Kepler-1258,1,0.99
1505,Kepler-1259,1,0.8
1506,Kepler-126,3,
1507,Kepler-1260,1,1.06
1508,Kepler-1261,1,0.82
1509,Kepler-1262,1,0.99
1510,Kepler-1263,1,0.84
1511,Kepler-1264,1,0.99
1512,Kepler-1265,1,0.71
1513,Kepler-1266,1,0.8
1514,Kepler-1267,1,1.15
1515,Kepler-1268,1,1.06
1516,Kepler-1269,1,1.1
1517,Kepler-127,3,
1518,Kepler-1270,1,1.28
1519,Kepler-1271,1,1.13
1520,Kepler-1272,1,1.06
1521,Kepler-1273,1,0.94
1522,Kepler-1274,1,1.45
1523,Kepler-1275,1,1.23
1524,Kepler-1276,1,1.14
1525,Kepler-1277,1,0.94
1526,Kepler-1278,1,1.11
1527,Kepler-1279,1,1.21
1528,Kepler-128,2,1.09
1529,Kepler-1280,1,1.2
1530,Kepler-1281,1,0.87
1531,Kepler-1282,1,0.92
1532,Kepler-1283,1,1.16
1533,Kepler-1284,1,0.84
1534,Kepler-1285,1,1.2
1535,Kepler-1286,1,1.0
1536,Kepler-1287,1,0.96
1537,Kepler-1288,1,1.2
1538,Kepler-1289,1,1.1
1539,Kepler-129,3,1.18
1540,Kepler-1290,1,0.95
1541,Kepler-1291,1,0.84
1542,Kepler-1292,1,0.95
1543,Kepler-1293,1,1.18
1544,Kepler-1294,1,0.99
1545,Kepler-1295,1,0.92
1546,Kepler-1296,1,0.87
1547,Kepler-1297,1,0.99
1548,Kepler-1298,1,1.45
1549,Kepler-1299,1,0.94
1550,Kepler-130,3,
1551,Kepler-1300,1,1.29
1552,Kepler-1301,1,0.85
1553,Kepler-1302,1,0.86
1554,Kepler-1303,1,1.01
1555,Kepler-1304,1,0.85
1556,Kepler-1305,1,0.97
1557,Kepler-1306,1,0.98
1558,Kepler-1307,1,1.06
1559,Kepler-1308,1,0.35
1560,Kepler-1309,1,0.85
1561,Kepler-131,2,1.02
1562,Kepler-1310,1,0.91
1563,Kepler-1311,2,1.05
1564,Kepler-1312,1,0.99
1565,Kepler-1313,1,0.92
1566,Kepler-1314,1,0.6
1567,Kepler-1315,1,0.8
1568,Kepler-1316,1,1.04
1569,Kepler-1317,1,0.83
1570,Kepler-1318,1,0.73
1571,Kepler-1319,1,0.56
1572,Kepler-132,4,
1573,Kepler-1320,1,0.8
1574,Kepler-1321,2,0.54
1575,Kepler-1322,1,0.9
1576,Kepler-1323,1,1.18
1577,Kepler-1324,1,0.78
1578,Kepler-1325,1,0.93
1579,Kepler-1326,1,1.45
1580,Kepler-1327,1,1.02
1581,Kepler-1328,1,1.0
1582,Kepler-1329,1,0.72
1583,Kepler-133,2,
1584,Kepler-1330,1,0.97
1585,Kepler-1331,1,0.72
1586,Kepler-1332,1,0.95
1587,Kepler-1333,1,0.94
1588,Kepler-1334,1,0.94
1589,Kepler-1335,1,0.77
1590,Kepler-1336,2,0.94
1591,Kepler-1337,1,0.7
1592,Kepler-1338,1,1.04
1593,Kepler-1339,1,0.94
1594,Kepler-134,2,
1595,Kepler-1340,1,1.27
1596,Kepler-1341,1,0.79
1597,Kepler-1342,1,0.93
1598,Kepler-1343,1,0.95
1599,Kepler-1344,1,1.09
1600,Kepler-1345,1,1.32
1601,Kepler-1346,1,1.14
1602,Kepler-1347,1,0.82
1603,Kepler-1348,1,1.04
1604,Kepler-1349,1,1.16
1605,Kepler-135,2,
1606,Kepler-1350,2,0.55
1607,Kepler-1351,1,0.7
1608,Kepler-1352,1,1.11
1609,Kepler-1353,1,0.76
1610,Kepler-1354,1,1.16
1611,Kepler-1355,1,0.88
1612,Kepler-1356,1,0.82
1613,Kepler-1357,1,0.93
1614,Kepler-1358,1,0.82
1615,Kepler-1359,1,0.78
1616,Kepler-136,2,
1617,Kepler-1360,1,1.51
1618,Kepler-1361,1,0.83
1619,Kepler-1362,1,0.8
1620,Kepler-1363,1,0.76
1621,Kepler-1364,1,1.49
1622,Kepler-1365,2,1.0
1623,Kepler-1366,1,0.62
1624,Kepler-1367,1,0.62
1625,Kepler-1368,1,1.07
1626,Kepler-1369,1,0.99
1627,Kepler-137,2,
1628,Kepler-1370,2,1.19
1629,Kepler-1371,2,0.87
1630,Kepler-1372,1,0.98
1631,Kepler-1373,1,1.22
1632,Kepler-1374,1,0.85
1633,Kepler-1375,1,1.47
1634,Kepler-1376,1,0.98
1635,Kepler-1377,1,0.86
1636,Kepler-1378,1,0.7
1637,Kepler-1379,1,0.83
1638,Kepler-138,3,0.52
1639,Kepler-1380,1,0.96
1640,Kepler-1381,1,0.96
1641,Kepler-1382,1,1.36
1642,Kepler-1383,1,1.26
1643,Kepler-1384,1,0.78
1644,Kepler-1385,1,1.15
1645,Kepler-1386,1,1.02
1646,Kepler-1387,1,0.82
1647,Kepler-1388,4,0.63
1648,Kepler-1389,1,0.81
1649,Kepler-139,2,
1650,Kepler-1390,1,0.98
1651,Kepler-1391,1,1.03
1652,Kepler-1392,1,0.88
1653,Kepler-1393,1,0.95
1654,Kepler-1394,1,1.64
1655,Kepler-1395,1,1.17
1656,Kepler-1396,1,1.18
1657,Kepler-1397,1,1.09
1658,Kepler-1398,2,1.13
1659,Kepler-1399,1,0.97
1660,Kepler-14,1,1.51
1661,Kepler-140,2,
1662,Kepler-1400,1,0.83
1663,Kepler-1401,1,1.07
1664,Kepler-1402,1,0.9
1665,Kepler-1403,1,1.11
1666,Kepler-1404,1,0.84
1667,Kepler-1405,1,1.05
1668,Kepler-1406,1,1.05
1669,Kepler-1407,1,1.1
1670,Kepler-1408,1,1.21
1671,Kepler-1409,1,0.83
1672,Kepler-141,2,
1673,Kepler-1410,1,0.63
1674,Kepler-1411,1,0.95
1675,Kepler-1412,1,1.06
1676,Kepler-1413,1,0.84
1677,Kepler-1414,1,0.8
1678,Kepler-1415,1,0.89
1679,Kepler-1416,1,1.09
1680,Kepler-1417,1,1.02
1681,Kepler-1418,1,0.77
1682,Kepler-1419,1,1.01
1683,Kepler-142,3,
1684,Kepler-1420,1,0.82
1685,Kepler-1421,1,1.25
1686,Kepler-1422,1,1.15
1687,Kepler-1423,1,0.79
1688,Kepler-1424,1,1.02
1689,Kepler-1425,1,0.97
1690,Kepler-1426,1,1.02
1691,Kepler-1427,1,1.01
1692,Kepler-1428,1,1.28
1693,Kepler-1429,1,1.05
1694,Kepler-143,2,
1695,Kepler-1430,1,0.77
1696,Kepler-1431,1,1.03
1697,Kepler-1432,1,1.09
1698,Kepler-1433,1,1.14
1699,Kepler-1434,1,1.47
1700,Kepler-1435,1,1.21
1701,Kepler-1436,1,1.06
1702,Kepler-1437,1,0.93
1703,Kepler-1438,1,0.97
1704,Kepler-1439,1,0.46
1705,Kepler-144,2,
1706,Kepler-1440,1,0.98
1707,Kepler-1441,1,1.0
1708,Kepler-1442,1,1.34
1709,Kepler-1443,1,1.19
1710,Kepler-1444,1,1.03
1711,Kepler-1445,1,1.13
1712,Kepler-1446,1,0.81
1713,Kepler-1447,1,0.97
1714,Kepler-1448,1,0.95
1715,Kepler-1449,1,1.08
1716,Kepler-145,2,1.32
1717,Kepler-1450,1,0.71
1718,Kepler-1451,1,1.0
1719,Kepler-1452,1,1.41
1720,Kepler-1453,1,0.97
1721,Kepler-1454,1,0.9
1722,Kepler-1455,1,0.62
1723,Kepler-1456,1,0.64
1724,Kepler-1457,1,1.01
1725,Kepler-1458,1,0.96
1726,Kepler-1459,1,0.78
1727,Kepler-146,2,
1728,Kepler-1460,1,0.7
1729,Kepler-1461,1,0.79
1730,Kepler-1462,1,1.0
1731,Kepler-1463,1,0.96
1732,Kepler-1464,2,1.02
1733,Kepler-1465,1,0.75
1734,Kepler-1466,1,1.01
1735,Kepler-1467,1,0.86
1736,Kepler-1468,2,1.04
1737,Kepler-1469,1,0.92
1738,Kepler-147,2,
1739,Kepler-1470,1,0.8
1740,Kepler-1471,1,0.95
1741,Kepler-1472,1,1.16
1742,Kepler-1473,1,1.09
1743,Kepler-1474,1,1.04
1744,Kepler-1475,1,1.18
1745,Kepler-1476,1,0.98
1746,Kepler-1477,1,0.81
1747,Kepler-1478,1,1.04
1748,Kepler-1479,1,0.99
1749,Kepler-148,3,
1750,Kepler-1480,1,0.85
1751,Kepler-1481,1,0.8
1752,Kepler-1482,1,0.88
1753,Kepler-1483,1,1.25
1754,Kepler-1484,1,0.94
1755,Kepler-1485,1,1.11
1756,Kepler-1486,1,1.08
1757,Kepler-1487,1,1.38
1758,Kepler-1488,1,1.05
1759,Kepler-1489,1,0.93
1760,Kepler-149,3,
1761,Kepler-1490,1,0.9
1762,Kepler-1491,1,1.0
1763,Kepler-1492,1,0.77
1764,Kepler-1493,1,1.06
1765,Kepler-1494,1,0.96
1766,Kepler-1495,1,1.03
1767,Kepler-1496,1,1.18
1768,Kepler-1497,1,0.96
1769,Kepler-1498,1,0.86
1770,Kepler-1499,1,0.82
1771,Kepler-15,1,1.02
1772,Kepler-150,5,
1773,Kepler-1500,1,1.0
1774,Kepler-1501,1,1.2
1775,Kepler-1502,1,1.44
1776,Kepler-1503,1,0.77
1777,Kepler-1504,1,0.85
1778,Kepler-1505,1,0.93
1779,Kepler-1506,1,0.95
1780,Kepler-1507,1,0.89
1781,Kepler-1508,1,1.14
1782,Kepler-1509,1,1.0
1783,Kepler-151,2,
1784,Kepler-1510,1,1.19
1785,Kepler-1511,1,1.17
1786,Kepler-1512,1,0.73
1787,Kepler-1513,1,0.99
1788,Kepler-1514,2,1.2
1789,Kepler-1515,1,1.3
1790,Kepler-1516,1,1.04
1791,Kepler-1517,1,1.58
1792,Kepler-1518,1,1.54
1793,Kepler-1519,1,0.94
1794,Kepler-152,2,
1795,Kepler-1520,1,0.76
1796,Kepler-1521,1,0.81
1797,Kepler-1522,1,0.96
1798,Kepler-1523,1,0.97
1799,Kepler-1524,1,1.17
1800,Kepler-1525,1,1.07
1801,Kepler-1526,1,0.73
1802,Kepler-1527,1,1.21
1803,Kepler-1528,1,1.03
1804,Kepler-1529,1,0.81
1805,Kepler-153,2,
1806,Kepler-1530,2,0.92
1807,Kepler-1531,1,1.16
1808,Kepler-1532,1,0.91
1809,Kepler-1533,1,1.31
1810,Kepler-1534,1,0.9
1811,Kepler-1535,1,1.08
1812,Kepler-1536,1,0.71
1813,Kepler-1537,1,0.81
1814,Kepler-1538,1,1.03
1815,Kepler-1539,1,0.84
1816,Kepler-154,5,
1817,Kepler-1540,1,0.74
1818,Kepler-1541,1,0.86
1819,Kepler-1542,4,0.94
1820,Kepler-1543,1,1.39
1821,Kepler-1544,1,0.81
1822,Kepler-1545,1,0.84
1823,Kepler-1546,1,0.95
1824,Kepler-1547,1,1.12
1825,Kepler-1548,1,0.99
1826,Kepler-1549,1,0.88
1827,Kepler-155,2,
1828,Kepler-1550,1,1.07
1829,Kepler-1551,1,1.14
1830,Kepler-1552,1,0.85
1831,Kepler-1553,1,0.85
1832,Kepler-1554,1,0.84
1833,Kepler-1555,1,1.04
1834,Kepler-1556,1,0.97
1835,Kepler-1557,1,1.11
1836,Kepler-1558,1,0.83
1837,Kepler-1559,1,0.86
1838,Kepler-156,2,
1839,Kepler-1560,1,1.02
1840,Kepler-1561,1,1.07
1841,Kepler-1562,1,1.02
1842,Kepler-1563,1,1.0
1843,Kepler-1564,1,0.93
1844,Kepler-1565,1,0.76
1845,Kepler-1566,1,0.84
1846,Kepler-1567,1,0.95
1847,Kepler-1568,1,1.09
1848,Kepler-1569,1,1.25
1849,Kepler-157,3,
1850,Kepler-1570,1,0.92
1851,Kepler-1571,1,1.23
1852,Kepler-1572,1,0.97
1853,Kepler-1573,1,1.01
1854,Kepler-1574,1,1.06
1855,Kepler-1575,1,0.95
1856,Kepler-1576,1,1.05
1857,Kepler-1577,1,0.78
1858,Kepler-1578,1,0.9
1859,Kepler-1579,1,0.75
1860,Kepler-158,2,
1861,Kepler-1580,1,1.47
1862,Kepler-1581,1,1.12
1863,Kepler-1582,1,0.28
1864,Kepler-1583,1,0.94
1865,Kepler-1584,1,1.1
1866,Kepler-1585,1,0.94
1867,Kepler-1586,1,1.45
1868,Kepler-1587,1,1.08
1869,Kepler-1588,1,0.96
1870,Kepler-1589,1,1.18
1871,Kepler-159,2,
1872,Kepler-1590,1,1.11
1873,Kepler-1591,1,1.1
1874,Kepler-1592,1,1.18
1875,Kepler-1593,1,0.81
1876,Kepler-1594,1,1.06
1877,Kepler-1595,1,0.84
1878,Kepler-1596,1,0.95
1879,Kepler-1597,1,1.25
1880,Kepler-1598,1,1.07
1881,Kepler-1599,1,0.99
1882,Kepler-16,1,0.69
1883,Kepler-160,3,
1884,Kepler-1600,1,0.86
1885,Kepler-1601,1,1.04
1886,Kepler-1602,1,1.22
1887,Kepler-1603,1,1.21
1888,Kepler-1604,1,0.81
1889,Kepler-1605,1,0.86
1890,Kepler-1606,1,0.9
1891,Kepler-1607,1,1.14
1892,Kepler-1608,1,0.75
1893,Kepler-1609,1,1.18
1894,Kepler-161,2,
1895,Kepler-1610,1,0.91
1896,Kepler-1611,1,0.94
1897,Kepler-1612,1,0.96
1898,Kepler-1613,1,1.08
1899,Kepler-1614,1,0.79
1900,Kepler-1615,1,1.04
1901,Kepler-1616,1,1.21
1902,Kepler-1617,1,1.15
1903,Kepler-1618,1,1.41
1904,Kepler-1619,1,1.0
1905,Kepler-162,2,
1906,Kepler-1620,1,1.15
1907,Kepler-1621,1,1.15
1908,Kepler-1622,1,1.31
1909,Kepler-1623,1,1.0
1910,Kepler-1624,1,0.5
1911,Kepler-1625,1,0.96
1912,Kepler-1626,1,1.51
1913,Kepler-1627,1,0.87
1914,Kepler-1628,1,0.55
1915,Kepler-1629,1,1.01
1916,Kepler-163,2,
1917,Kepler-1630,1,0.66
1918,Kepler-1631,1,0.97
1919,Kepler-1632,1,1.12
1920,Kepler-1633,1,1.2
1921,Kepler-1634,1,0.92
1922,Kepler-1635,1,0.89
1923,Kepler-1636,1,1.01
1924,Kepler-1637,1,1.02
1925,Kepler-1638,1,0.97
1926,Kepler-1639,1,1.12
1927,Kepler-164,3,
1928,Kepler-1640,1,1.27
1929,Kepler-1641,2,1.12
1930,Kepler-1642,2,0.88
1931,Kepler-1643,1,0.92
1932,Kepler-1644,1,0.89
1933,Kepler-1645,1,1.02
1934,Kepler-1646,1,0.24
1935,Kepler-1647,1,1.22
1936,Kepler-1649,2,0.2
1937,Kepler-165,2,
1938,Kepler-1650,1,0.33
1939,Kepler-1651,1,0.52
1940,Kepler-1652,1,0.4
1941,Kepler-1653,1,0.72
1942,Kepler-1654,1,1.01
1943,Kepler-1655,1,1.03
1944,Kepler-1656,1,1.03
1945,Kepler-1658,1,1.45
1946,Kepler-166,3,
1947,Kepler-1661,1,0.84
1948,Kepler-1663,1,0.61
1949,Kepler-1664,1,
1950,Kepler-1665,1,0.84
1951,Kepler-1666,2,1.23
1952,Kepler-1667,1,1.09
1953,Kepler-1668,1,0.98
1954,Kepler-1669,1,0.67
1955,Kepler-167,4,0.77
1956,Kepler-1670,1,1.05
1957,Kepler-1671,1,0.87
1958,Kepler-1672,1,1.16
1959,Kepler-1673,1,1.11
1960,Kepler-1674,1,0.96
1961,Kepler-1675,1,1.06
1962,Kepler-1676,1,
1963,Kepler-1677,1,1.11
1964,Kepler-1678,1,1.03
1965,Kepler-1679,1,0.96
1966,Kepler-168,2,
1967,Kepler-1680,1,0.83
1968,Kepler-1681,1,
1969,Kepler-1682,1,0.99
1970,Kepler-1683,1,0.95
1971,Kepler-1684,1,0.75
1972,Kepler-1685,1,0.96
1973,Kepler-1686,1,1.02
1974,Kepler-1687,1,0.65
1975,Kepler-1688,1,
1976,Kepler-1689,1,1.02
1977,Kepler-169,5,
1978,Kepler-1690,1,0.94
1979,Kepler-1691,1,1.11
1980,Kepler-1692,1,0.87
1981,Kepler-1693,1,0.95
1982,Kepler-1694,1,0.82
1983,Kepler-1695,1,0.96
1984,Kepler-1696,1,1.02
1985,Kepler-1697,1,0.75
1986,Kepler-1698,1,0.82
1987,Kepler-1699,1,
1988,Kepler-17,1,1.04
1989,Kepler-170,2,
1990,Kepler-1700,1,1.12
1991,Kepler-1701,1,0.87
1992,Kepler-1702,1,0.85
1993,Kepler-1704,1,1.13
1994,Kepler-171,3,
1995,Kepler-172,4,
1996,Kepler-173,2,
1997,Kepler-174,3,
1998,Kepler-175,2,
1999,Kepler-176,4,
2000,Kepler-177,2,0.92
2001,Kepler-178,3,
2002,Kepler-179,2,
2003,Kepler-18,3,0.97
2004,Kepler-180,2,
2005,Kepler-181,2,
2006,Kepler-182,2,
2007,Kepler-183,2,
2008,Kepler-184,3,
2009,Kepler-185,2,
2010,Kepler-186,5,0.48
2011,Kepler-187,2,
2012,Kepler-188,2,
2013,Kepler-189,2,
2014,Kepler-19,3,0.94
2015,Kepler-190,2,
2016,Kepler-191,3,
2017,Kepler-192,3,
2018,Kepler-193,2,
2019,Kepler-194,3,
2020,Kepler-195,2,
2021,Kepler-196,2,
2022,Kepler-197,4,
2023,Kepler-198,3,
2024,Kepler-199,2,
2025,Kepler-20,6,0.95
2026,Kepler-200,2,
2027,Kepler-201,2,
2028,Kepler-202,2,
2029,Kepler-203,3,
2030,Kepler-204,2,
2031,Kepler-205,2,
2032,Kepler-206,3,
2033,Kepler-207,3,
2034,Kepler-208,4,
2035,Kepler-209,2,
2036,Kepler-21,1,1.41
2037,Kepler-210,2,
2038,Kepler-211,2,
2039,Kepler-212,2,
2040,Kepler-213,2,
2041,Kepler-214,2,
2042,Kepler-215,4,
2043,Kepler-216,2,
2044,Kepler-217,3,
2045,Kepler-218,3,
2046,Kepler-219,3,
2047,Kepler-22,1,0.97
2048,Kepler-220,4,
2049,Kepler-221,4,
2050,Kepler-222,3,
2051,Kepler-223,4,1.12
2052,Kepler-224,4,
2053,Kepler-225,2,
2054,Kepler-226,3,
2055,Kepler-227,2,
2056,Kepler-228,3,
2057,Kepler-229,3,
2058,Kepler-23,3,1.11
2059,Kepler-230,2,
2060,Kepler-231,2,
2061,Kepler-232,2,
2062,Kepler-233,2,
2063,Kepler-234,2,
2064,Kepler-235,4,
2065,Kepler-236,2,
2066,Kepler-237,2,
2067,Kepler-238,5,
2068,Kepler-239,2,
2069,Kepler-24,4,1.03
2070,Kepler-240,2,
2071,Kepler-241,2,
2072,Kepler-242,2,
2073,Kepler-243,2,
2074,Kepler-244,3,
2075,Kepler-245,4,
2076,Kepler-246,2,
2077,Kepler-247,3,
2078,Kepler-248,2,
2079,Kepler-249,3,
2080,Kepler-25,3,1.17
2081,Kepler-250,3,
2082,Kepler-251,4,
2083,Kepler-252,2,
2084,Kepler-253,3,
2085,Kepler-254,3,
2086,Kepler-255,3,
2087,Kepler-256,4,
2088,Kepler-257,3,
2089,Kepler-258,2,
2090,Kepler-259,2,
2091,Kepler-26,4,0.54
2092,Kepler-260,2,
2093,Kepler-261,2,
2094,Kepler-262,2,
2095,Kepler-263,2,
2096,Kepler-264,2,
2097,Kepler-265,4,
2098,Kepler-266,2,
2099,Kepler-267,3,
2100,Kepler-268,2,
2101,Kepler-269,2,
2102,Kepler-27,2,0.65
2103,Kepler-270,2,
2104,Kepler-271,3,0.9
2105,Kepler-272,3,
2106,Kepler-273,2,
2107,Kepler-274,2,
2108,Kepler-275,3,
2109,Kepler-276,3,
2110,Kepler-277,2,1.12
2111,Kepler-278,2,
2112,Kepler-279,3,
2113,Kepler-28,2,0.75
2114,Kepler-280,2,
2115,Kepler-281,2,
2116,Kepler-282,4,
2117,Kepler-283,2,
2118,Kepler-284,2,
2119,Kepler-285,2,
2120,Kepler-286,4,
2121,Kepler-287,2,
2122,Kepler-288,3,
2123,Kepler-289,3,1.08
2124,Kepler-29,2,0.76
2125,Kepler-290,2,
2126,Kepler-291,2,
2127,Kepler-292,5,
2128,Kepler-293,2,
2129,Kepler-294,2,
2130,Kepler-295,3,
2131,Kepler-296,5,0.5
2132,Kepler-297,2,
2133,Kepler-298,3,
2134,Kepler-299,4,
2135,Kepler-30,3,0.99
2136,Kepler-300,2,
2137,Kepler-301,3,
2138,Kepler-302,2,
2139,Kepler-303,2,
2140,Kepler-304,4,
2141,Kepler-305,4,0.76
2142,Kepler-306,4,
2143,Kepler-307,2,0.91
2144,Kepler-308,2,
2145,Kepler-309,2,
2146,Kepler-31,3,1.21
2147,Kepler-310,3,
2148,Kepler-311,2,
2149,Kepler-312,2,
2150,Kepler-313,2,
2151,Kepler-314,2,
2152,Kepler-315,2,
2153,Kepler-316,2,
2154,Kepler-317,2,
2155,Kepler-318,2,
2156,Kepler-319,3,
2157,Kepler-32,5,0.58
2158,Kepler-320,2,
2159,Kepler-321,2,
2160,Kepler-322,2,
2161,Kepler-323,2,
2162,Kepler-325,3,
2163,Kepler-326,3,
2164,Kepler-327,3,
2165,Kepler-328,2,1.15
2166,Kepler-329,2,
2167,Kepler-33,5,1.29
2168,Kepler-330,2,
2169,Kepler-331,3,
2170,Kepler-332,3,
2171,Kepler-333,2,
2172,Kepler-334,3,
2173,Kepler-335,2,
2174,Kepler-336,3,
2175,Kepler-337,2,
2176,Kepler-338,4,
2177,Kepler-339,3,
2178,Kepler-34,1,1.05
2179,Kepler-340,2,
2180,Kepler-341,4,
2181,Kepler-342,4,
2182,Kepler-343,2,
2183,Kepler-344,2,
2184,Kepler-345,2,
2185,Kepler-346,2,
2186,Kepler-347,2,
2187,Kepler-348,2,
2188,Kepler-349,2,
2189,Kepler-35,1,0.89
2190,Kepler-350,3,
2191,Kepler-351,3,
2192,Kepler-352,2,
2193,Kepler-353,2,
2194,Kepler-354,3,
2195,Kepler-355,2,
2196,Kepler-356,2,
2197,Kepler-357,3,
2198,Kepler-358,2,
2199,Kepler-359,3,
2200,Kepler-36,2,1.03
2201,Kepler-360,2,
2202,Kepler-361,2,
2203,Kepler-362,2,
2204,Kepler-363,3,
2205,Kepler-364,2,
2206,Kepler-365,2,
2207,Kepler-366,2,
2208,Kepler-367,2,
2209,Kepler-368,2,
2210,Kepler-369,2,
2211,Kepler-37,4,0.87
2212,Kepler-370,2,
2213,Kepler-371,2,
2214,Kepler-372,3,
2215,Kepler-373,2,
2216,Kepler-374,3,
2217,Kepler-375,2,
2218,Kepler-376,2,
2219,Kepler-377,2,
2220,Kepler-378,2,
2221,Kepler-379,2,
2222,Kepler-38,1,0.94
2223,Kepler-380,2,
2224,Kepler-381,2,
2225,Kepler-382,2,
2226,Kepler-383,2,
2227,Kepler-384,2,
2228,Kepler-385,3,
2229,Kepler-386,2,
2230,Kepler-387,2,
2231,Kepler-388,2,
2232,Kepler-389,2,
2233,Kepler-39,1,1.29
2234,Kepler-390,2,
2235,Kepler-391,2,
2236,Kepler-392,2,
2237,Kepler-393,2,
2238,Kepler-394,2,
2239,Kepler-395,2,
2240,Kepler-396,2,0.85
2241,Kepler-397,2,
2242,Kepler-398,3,
2243,Kepler-399,3,
2244,Kepler-4,1,1.22
2245,Kepler-40,1,1.48
2246,Kepler-400,2,
2247,Kepler-401,3,
2248,Kepler-402,4,
2249,Kepler-403,3,
2250,Kepler-404,2,
2251,Kepler-405,2,
2252,Kepler-406,2,1.07
2253,Kepler-407,2,1.0
2254,Kepler-408,1,1.08
2255,Kepler-409,1,0.92
2256,Kepler-41,1,1.15
2257,Kepler-410 A,1,1.21
2258,Kepler-411,4,0.87
2259,Kepler-412,1,1.17
2260,Kepler-413,1,0.82
2261,Kepler-414,2,0.89
2262,Kepler-415,2,0.67
2263,Kepler-416,2,1.0
2264,Kepler-417,2,0.9
2265,Kepler-418,1,0.98
2266,Kepler-419,2,1.39
2267,Kepler-42,3,0.13
2268,Kepler-421,1,0.79
2269,Kepler-422,1,1.15
2270,Kepler-423,1,0.85
2271,Kepler-424,2,1.01
2272,Kepler-425,1,0.93
2273,Kepler-426,1,0.91
2274,Kepler-427,1,0.96
2275,Kepler-428,1,0.87
2276,Kepler-43,1,1.32
2277,Kepler-430,2,1.17
2278,Kepler-431,3,1.07
2279,Kepler-432,2,1.32
2280,Kepler-433,1,1.46
2281,Kepler-434,1,1.2
2282,Kepler-435,1,1.54
2283,Kepler-436,2,0.73
2284,Kepler-437,1,0.71
2285,Kepler-438,1,0.54
2286,Kepler-439,1,0.88
2287,Kepler-44,1,1.12
2288,Kepler-440,1,0.57
2289,Kepler-441,1,0.57
2290,Kepler-442,1,0.61
2291,Kepler-443,1,0.74
2292,Kepler-444,5,0.76
2293,Kepler-445,3,0.18
2294,Kepler-446,3,0.22
2295,Kepler-447,1,1.0
2296,Kepler-449,2,
2297,Kepler-45,1,0.59
2298,Kepler-450,3,1.19
2299,Kepler-452,1,1.04
2300,Kepler-453,1,0.94
2301,Kepler-454,2,0.85
2302,Kepler-46,3,0.9
2303,Kepler-461,1,0.98
2304,Kepler-462,2,1.59
2305,Kepler-463,1,0.87
2306,Kepler-464,1,1.21
2307,Kepler-465,1,1.23
2308,Kepler-466,2,1.04
2309,Kepler-467,1,1.05
2310,Kepler-468,1,0.96
2311,Kepler-47,3,0.96
2312,Kepler-470,1,1.4
2313,Kepler-471,1,1.49
2314,Kepler-472,1,0.85
2315,Kepler-473,1,1.06
2316,Kepler-474,1,0.99
2317,Kepler-475,1,0.86
2318,Kepler-476,1,1.03
2319,Kepler-477,1,0.87
2320,Kepler-478,1,0.85
2321,Kepler-479,1,0.86
2322,Kepler-48,4,0.88
2323,Kepler-480,1,1.25
2324,Kepler-481,1,1.01
2325,Kepler-482,1,0.75
2326,Kepler-483,1,1.28
2327,Kepler-484,1,0.96
2328,Kepler-485,1,1.07
2329,Kepler-486,1,0.79
2330,Kepler-487,2,0.91
2331,Kepler-488,1,1.07
2332,Kepler-489,1,0.82
2333,Kepler-49,4,0.55
2334,Kepler-490,1,1.08
2335,Kepler-491,1,1.04
2336,Kepler-492,1,0.94
2337,Kepler-493,1,1.36
2338,Kepler-494,1,1.1
2339,Kepler-495,1,0.86
2340,Kepler-496,1,0.86
2341,Kepler-497,1,1.09
2342,Kepler-498,1,0.98
2343,Kepler-499,1,0.87
2344,Kepler-5,1,1.37
2345,Kepler-50,2,1.24
2346,Kepler-500,1,1.02
2347,Kepler-501,1,1.03
2348,Kepler-502,1,1.15
2349,Kepler-504,1,0.33
2350,Kepler-505,1,0.55
2351,Kepler-506,1,1.19
2352,Kepler-507,1,1.16
2353,Kepler-508,1,1.16
2354,Kepler-509,1,1.1
2355,Kepler-51,3,1.04
2356,Kepler-510,1,0.91
2357,Kepler-511,1,1.0
2358,Kepler-512,1,1.17
2359,Kepler-513,1,1.02
2360,Kepler-514,1,1.28
2361,Kepler-515,1,0.9
2362,Kepler-516,1,1.62
2363,Kepler-517,1,0.95
2364,Kepler-518,1,0.96
2365,Kepler-519,1,0.89
2366,Kepler-52,3,0.54
2367,Kepler-520,2,1.1
2368,Kepler-521,1,1.34
2369,Kepler-522,1,1.54
2370,Kepler-523,1,0.93
2371,Kepler-524,2,1.09
2372,Kepler-525,1,0.95
2373,Kepler-526,1,1.15
2374,Kepler-527,1,1.28
2375,Kepler-528,1,1.01
2376,Kepler-529,2,1.07
2377,Kepler-53,3,0.98
2378,Kepler-530,1,0.97
2379,Kepler-531,1,0.78
2380,Kepler-532,1,0.87
2381,Kepler-533,1,0.78
2382,Kepler-534,1,1.05
2383,Kepler-535,1,1.18
2384,Kepler-536,1,0.92
2385,Kepler-537,1,1.07
2386,Kepler-538,1,0.89
2387,Kepler-539,2,1.05
2388,Kepler-54,3,0.51
2389,Kepler-540,1,1.02
2390,Kepler-541,1,1.41
2391,Kepler-542,1,0.93
2392,Kepler-543,1,0.7
2393,Kepler-544,1,1.16
2394,Kepler-545,1,1.04
2395,Kepler-546,1,1.11
2396,Kepler-547,1,0.78
2397,Kepler-548,1,0.93
2398,Kepler-549,2,0.88
2399,Kepler-55,5,0.62
2400,Kepler-550,1,0.87
2401,Kepler-551,1,0.65
2402,Kepler-552,1,1.03
2403,Kepler-553,2,0.92
2404,Kepler-554,1,0.93
2405,Kepler-555,1,1.03
2406,Kepler-556,1,1.0
2407,Kepler-557,1,1.11
2408,Kepler-558,1,0.85
2409,Kepler-559,1,0.96
2410,Kepler-56,3,1.32
2411,Kepler-560,1,0.34
2412,Kepler-561,2,0.96
2413,Kepler-562,1,0.93
2414,Kepler-563,1,0.8
2415,Kepler-564,1,0.95
2416,Kepler-565,1,0.98
2417,Kepler-566,1,0.83
2418,Kepler-567,1,0.84
2419,Kepler-568,1,0.55
2420,Kepler-569,1,0.95
2421,Kepler-57,2,0.83
2422,Kepler-570,1,0.93
2423,Kepler-571,1,0.93
2424,Kepler-572,1,0.83
2425,Kepler-573,1,0.99
2426,Kepler-574,1,0.95
2427,Kepler-575,1,0.97
2428,Kepler-576,1,0.99
2429,Kepler-577,1,0.78
2430,Kepler-578,1,0.87
2431,Kepler-579,1,0.99
2432,Kepler-58,3,0.95
2433,Kepler-580,1,0.67
2434,Kepler-581,1,1.0
2435,Kepler-582,1,0.93
2436,Kepler-583,1,0.94
2437,Kepler-584,1,1.17
2438,Kepler-585,1,0.96
2439,Kepler-586,1,0.94
2440,Kepler-587,1,0.92
2441,Kepler-588,1,1.01
2442,Kepler-589,1,0.88
2443,Kepler-59,2,1.04
2444,Kepler-590,1,1.1
2445,Kepler-591,1,0.97
2446,Kepler-592,1,1.04
2447,Kepler-593,1,1.08
2448,Kepler-594,1,0.91
2449,Kepler-595,2,0.93
2450,Kepler-596,1,1.21
2451,Kepler-597,1,0.97
2452,Kepler-598,2,0.87
2453,Kepler-599,1,0.83
2454,Kepler-6,1,1.21
2455,Kepler-60,3,1.04
2456,Kepler-600,1,0.84
2457,Kepler-601,1,0.85
2458,Kepler-602,1,1.08
2459,Kepler-603,3,1.01
2460,Kepler-604,1,1.02
2461,Kepler-605,2,0.91
2462,Kepler-606,1,1.13
2463,Kepler-607,1,0.84
2464,Kepler-608,1,1.0
2465,Kepler-609,1,1.09
2466,Kepler-61,1,0.64
2467,Kepler-610,2,1.1
2468,Kepler-611,1,1.01
2469,Kepler-612,1,0.98
2470,Kepler-613,1,0.98
2471,Kepler-614,1,0.85
2472,Kepler-615,1,0.73
2473,Kepler-616,2,0.98
2474,Kepler-617,1,0.51
2475,Kepler-618,1,1.05
2476,Kepler-619,2,1.09
2477,Kepler-62,5,0.69
2478,Kepler-620,1,1.15
2479,Kepler-621,1,0.72
2480,Kepler-622,1,0.64
2481,Kepler-623,1,0.9
2482,Kepler-624,1,1.1
2483,Kepler-625,2,1.04
2484,Kepler-626,1,1.01
2485,Kepler-627,1,1.3
2486,Kepler-628,1,1.0
2487,Kepler-629,1,0.93
2488,Kepler-63,1,0.98
2489,Kepler-630,1,1.02
2490,Kepler-631,1,1.24
2491,Kepler-632,1,0.91
2492,Kepler-633,1,1.02
2493,Kepler-634,1,1.03
2494,Kepler-635,1,1.33
2495,Kepler-636,1,0.85
2496,Kepler-637,1,1.64
2497,Kepler-638,1,0.88
2498,Kepler-639,1,1.14
2499,Kepler-640,1,1.01
2500,Kepler-641,1,1.02
2501,Kepler-642,1,1.4
2502,Kepler-643,1,1.0
2503,Kepler-644,1,1.49
2504,Kepler-645,1,1.13
2505,Kepler-646,1,0.93
2506,Kepler-647,2,1.03
2507,Kepler-648,1,1.05
2508,Kepler-649,1,0.97
2509,Kepler-65,4,1.25
2510,Kepler-650,1,1.08
2511,Kepler-651,1,0.92
2512,Kepler-652,1,0.97
2513,Kepler-653,2,1.02
2514,Kepler-654,1,1.04
2515,Kepler-655,1,1.15
2516,Kepler-656,1,0.86
2517,Kepler-657,1,1.01
2518,Kepler-658,1,0.63
2519,Kepler-659,1,0.79
2520,Kepler-66,1,1.04
2521,Kepler-660,1,0.75
2522,Kepler-661,1,0.7
2523,Kepler-662,1,0.79
2524,Kepler-663,1,0.86
2525,Kepler-664,1,1.01
2526,Kepler-665,1,0.79
2527,Kepler-666,1,1.03
2528,Kepler-667,1,0.91
2529,Kepler-668,1,0.87
2530,Kepler-669,1,1.15
2531,Kepler-67,1,0.86
2532,Kepler-670,1,0.99
2533,Kepler-671,1,0.97
2534,Kepler-672,1,0.95
2535,Kepler-673,1,0.88
2536,Kepler-674,1,0.6
2537,Kepler-675,1,0.79
2538,Kepler-676,1,0.51
2539,Kepler-677,1,1.0
2540,Kepler-678,1,0.94
2541,Kepler-679,1,0.87
2542,Kepler-68,3,1.06
2543,Kepler-680,1,1.08
2544,Kepler-681,1,0.8
2545,Kepler-682,1,0.92
2546,Kepler-683,1,0.96
2547,Kepler-684,1,0.89
2548,Kepler-685,1,1.11
2549,Kepler-686,1,0.94
2550,Kepler-687,1,0.77
2551,Kepler-688,1,0.98
2552,Kepler-689,1,0.91
2553,Kepler-69,2,0.81
2554,Kepler-690,1,1.11
2555,Kepler-691,1,0.53
2556,Kepler-692,1,0.9
2557,Kepler-693,1,0.76
2558,Kepler-694,1,0.97
2559,Kepler-695,1,0.84
2560,Kepler-696,1,1.06
2561,Kepler-697,1,0.92
2562,Kepler-698,1,0.94
2563,Kepler-699,1,0.81
2564,Kepler-7,1,1.36
2565,Kepler-700,1,0.98
2566,Kepler-701,1,0.88
2567,Kepler-702,1,0.9
2568,Kepler-703,1,1.18
2569,Kepler-704,1,0.97
2570,Kepler-705,1,0.53
2571,Kepler-706,1,0.87
2572,Kepler-707,1,0.8
2573,Kepler-708,1,0.97
2574,Kepler-709,1,0.8
2575,Kepler-710,1,0.94
2576,Kepler-711,1,0.84
2577,Kepler-712,2,0.84
2578,Kepler-713,1,0.98
2579,Kepler-714,1,1.09
2580,Kepler-715,1,1.04
2581,Kepler-716,2,0.83
2582,Kepler-717,1,0.88
2583,Kepler-718,1,1.18
2584,Kepler-719,1,0.99
2585,Kepler-720,1,0.95
2586,Kepler-721,1,0.82
2587,Kepler-722,2,1.03
2588,Kepler-723,1,0.92
2589,Kepler-724,1,0.9
2590,Kepler-725,1,0.88
2591,Kepler-726,1,0.88
2592,Kepler-727,1,0.89
2593,Kepler-728,1,0.95
2594,Kepler-729,1,0.94
2595,Kepler-730,2,1.05
2596,Kepler-731,1,1.03
2597,Kepler-732,2,0.49
2598,Kepler-733,1,0.9
2599,Kepler-734,1,0.85
2600,Kepler-735,1,0.85
2601,Kepler-736,1,0.86
2602,Kepler-737,1,0.51
2603,Kepler-738,1,0.86
2604,Kepler-739,1,0.93
2605,Kepler-74,1,1.18
2606,Kepler-740,1,0.91
2607,Kepler-741,1,1.16
2608,Kepler-742,1,0.76
2609,Kepler-743,1,0.94
2610,Kepler-744,1,0.94
2611,Kepler-745,1,1.04
2612,Kepler-746,1,0.91
2613,Kepler-747,1,0.82
2614,Kepler-748,1,1.07
2615,Kepler-749,1,0.79
2616,Kepler-75,1,0.91
2617,Kepler-750,2,1.15
2618,Kepler-751,1,0.87
2619,Kepler-752,1,0.87
2620,Kepler-753,1,0.68
2621,Kepler-754,1,1.06
2622,Kepler-755,2,0.82
2623,Kepler-756,1,0.82
2624,Kepler-757,1,1.08
2625,Kepler-758,4,1.16
2626,Kepler-759,1,1.04
2627,Kepler-76,1,1.2
2628,Kepler-760,2,0.89
2629,Kepler-761,1,0.95
2630,Kepler-762,1,1.06
2631,Kepler-763,1,0.84
2632,Kepler-764,1,0.92
2633,Kepler-765,1,1.05
2634,Kepler-766,1,1.1
2635,Kepler-767,1,0.96
2636,Kepler-768,1,0.82
2637,Kepler-769,2,1.19
2638,Kepler-77,1,0.95
2639,Kepler-770,3,0.94
2640,Kepler-771,1,1.03
2641,Kepler-772,1,0.98
2642,Kepler-773,1,1.04
2643,Kepler-774,1,1.57
2644,Kepler-775,1,0.92
2645,Kepler-776,1,0.83
2646,Kepler-777,1,0.58
2647,Kepler-778,1,0.81
2648,Kepler-779,1,0.46
2649,Kepler-78,1,0.84
2650,Kepler-780,1,1.01
2651,Kepler-781,1,0.81
2652,Kepler-782,1,0.98
2653,Kepler-783,2,0.93
2654,Kepler-784,1,1.0
2655,Kepler-785,1,0.77
2656,Kepler-786,1,0.81
2657,Kepler-787,1,0.65
2658,Kepler-788,1,1.16
2659,Kepler-789,1,1.01
2660,Kepler-79,4,1.17
2661,Kepler-790,1,0.84
2662,Kepler-791,1,1.3
2663,Kepler-792,1,1.09
2664,Kepler-793,1,0.98
2665,Kepler-794,1,1.19
2666,Kepler-795,1,0.94
2667,Kepler-796,1,0.93
2668,Kepler-797,1,0.96
2669,Kepler-798,1,1.19
2670,Kepler-799,1,0.95
2671,Kepler-8,1,1.21
2672,Kepler-80,6,0.73
2673,Kepler-800,1,0.85
2674,Kepler-801,1,0.67
2675,Kepler-802,1,0.93
2676,Kepler-803,1,1.05
2677,Kepler-804,2,1.01
2678,Kepler-805,1,1.19
2679,Kepler-806,1,0.99
2680,Kepler-807,1,1.04
2681,Kepler-808,1,0.76
2682,Kepler-809,1,0.99
2683,Kepler-81,3,0.64
2684,Kepler-810,1,1.03
2685,Kepler-811,1,1.01
2686,Kepler-812,1,1.45
2687,Kepler-813,1,0.95
2688,Kepler-814,1,1.15
2689,Kepler-815,1,1.25
2690,Kepler-816,1,0.9
2691,Kepler-817,1,1.03
2692,Kepler-818,1,0.94
2693,Kepler-819,1,0.86
2694,Kepler-82,5,0.91
2695,Kepler-820,1,1.23
2696,Kepler-821,1,0.84
2697,Kepler-822,1,1.06
2698,Kepler-823,1,0.98
2699,Kepler-824,1,1.15
2700,Kepler-825,2,1.03
2701,Kepler-826,1,1.05
2702,Kepler-827,1,0.93
2703,Kepler-828,1,0.81
2704,Kepler-829,1,0.98
2705,Kepler-83,3,0.66
2706,Kepler-830,1,1.07
2707,Kepler-831,1,0.99
2708,Kepler-832,1,0.92
2709,Kepler-833,1,0.64
2710,Kepler-834,1,0.7
2711,Kepler-835,1,1.08
2712,Kepler-836,1,1.03
2713,Kepler-837,1,0.85
2714,Kepler-838,1,0.98
2715,Kepler-839,1,1.22
2716,Kepler-84,5,1.0
2717,Kepler-840,1,1.04
2718,Kepler-841,1,0.85
2719,Kepler-842,1,0.78
2720,Kepler-843,1,1.02
2721,Kepler-844,1,0.59
2722,Kepler-845,1,0.79
2723,Kepler-846,1,0.94
2724,Kepler-847,1,0.83
2725,Kepler-848,1,1.01
2726,Kepler-849,1,1.23
2727,Kepler-85,4,0.92
2728,Kepler-850,1,1.06
2729,Kepler-851,1,0.89
2730,Kepler-852,1,1.19
2731,Kepler-853,1,1.3
2732,Kepler-854,1,1.17
2733,Kepler-855,1,1.03
2734,Kepler-856,1,0.96
2735,Kepler-857,1,0.99
2736,Kepler-858,1,0.96
2737,Kepler-859,1,0.81
2738,Kepler-860,1,1.04
2739,Kepler-861,1,0.82
2740,Kepler-862,1,0.88
2741,Kepler-863,1,0.96
2742,Kepler-864,1,1.0
2743,Kepler-865,1,0.93
2744,Kepler-866,1,0.75
2745,Kepler-867,1,0.92
2746,Kepler-868,1,0.93
2747,Kepler-869,1,0.97
2748,Kepler-87,2,1.1
2749,Kepler-870,1,1.01
2750,Kepler-871,1,1.11
2751,Kepler-872,1,1.05
2752,Kepler-873,1,1.18
2753,Kepler-874,1,1.09
2754,Kepler-875,1,1.06
2755,Kepler-876,1,0.81
2756,Kepler-877,1,0.85
2757,Kepler-878,1,0.81
2758,Kepler-879,1,1.02
2759,Kepler-880,1,1.46
2760,Kepler-881,1,1.06
2761,Kepler-882,1,0.9
2762,Kepler-883,1,1.06
2763,Kepler-884,1,1.0
2764,Kepler-885,1,1.21
2765,Kepler-886,1,1.1
2766,Kepler-887,2,1.19
2767,Kepler-888,1,0.97
2768,Kepler-889,1,1.14
2769,Kepler-890,1,1.09
2770,Kepler-891,1,1.06
2771,Kepler-892,1,0.75
2772,Kepler-893,1,1.0
2773,Kepler-894,1,0.87
2774,Kepler-895,1,0.65
2775,Kepler-896,1,0.84
2776,Kepler-897,1,1.03
2777,Kepler-898,1,0.65
2778,Kepler-899,1,0.93
2779,Kepler-9,3,1.02
2780,Kepler-900,1,0.78
2781,Kepler-901,1,0.59
2782,Kepler-902,1,0.95
2783,Kepler-903,2,0.98
2784,Kepler-904,1,1.16
2785,Kepler-905,1,0.95
2786,Kepler-906,1,1.06
2787,Kepler-907,1,1.08
2788,Kepler-908,1,1.11
2789,Kepler-909,1,1.17
2790,Kepler-91,1,1.31
2791,Kepler-910,1,1.26
2792,Kepler-911,1,1.34
2793,Kepler-912,1,1.07
2794,Kepler-913,1,0.63
2795,Kepler-914,1,1.1
2796,Kepler-915,1,1.21
2797,Kepler-916,1,0.85
2798,Kepler-917,1,0.8
2799,Kepler-918,1,1.11
2800,Kepler-919,1,1.15
2801,Kepler-92,3,1.21
2802,Kepler-920,2,0.89
2803,Kepler-921,1,0.93
2804,Kepler-922,1,0.95
2805,Kepler-923,1,1.11
2806,Kepler-924,1,1.14
2807,Kepler-925,1,0.77
2808,Kepler-926,1,1.01
2809,Kepler-927,1,0.99
2810,Kepler-928,1,0.73
2811,Kepler-929,1,1.01
2812,Kepler-93,2,1.09
2813,Kepler-930,1,1.25
2814,Kepler-931,1,0.86
2815,Kepler-932,1,0.87
2816,Kepler-933,1,0.87
2817,Kepler-934,1,0.81
2818,Kepler-935,1,0.78
2819,Kepler-936,1,0.92
2820,Kepler-937,2,1.15
2821,Kepler-938,1,0.92
2822,Kepler-939,1,0.88
2823,Kepler-94,2,0.81
2824,Kepler-940,1,0.97
2825,Kepler-941,1,0.89
2826,Kepler-942,1,0.81
2827,Kepler-943,1,0.93
2828,Kepler-944,1,0.86
2829,Kepler-945,1,0.97
2830,Kepler-946,1,0.94
2831,Kepler-947,1,0.9
2832,Kepler-948,1,0.96
2833,Kepler-949,1,0.89
2834,Kepler-95,1,1.08
2835,Kepler-950,1,1.02
2836,Kepler-951,1,0.77
2837,Kepler-952,1,1.0
2838,Kepler-953,2,0.95
2839,Kepler-954,1,0.82
2840,Kepler-955,1,0.89
2841,Kepler-956,1,1.1
2842,Kepler-957,1,0.81
2843,Kepler-958,1,0.91
2844,Kepler-959,1,1.6
2845,Kepler-96,1,1.0
2846,Kepler-960,1,0.77
2847,Kepler-961,1,0.96
2848,Kepler-962,1,0.93
2849,Kepler-963,1,0.91
2850,Kepler-964,1,0.93
2851,Kepler-965,1,1.05
2852,Kepler-966,1,1.02
2853,Kepler-967,2,0.84
2854,Kepler-969,2,0.92
2855,Kepler-97,2,0.94
2856,Kepler-970,1,0.7
2857,Kepler-971,1,0.88
2858,Kepler-972,1,1.15
2859,Kepler-973,1,0.86
2860,Kepler-974,1,0.52
2861,Kepler-975,1,0.8
2862,Kepler-976,1,0.87
2863,Kepler-977,1,0.87
2864,Kepler-978,1,1.07
2865,Kepler-979,1,0.87
2866,Kepler-98,1,0.99
2867,Kepler-980,1,1.05
2868,Kepler-981,1,0.98
2869,Kepler-982,1,1.16
2870,Kepler-983,1,1.13
2871,Kepler-984,1,0.96
2872,Kepler-985,1,0.91
2873,Kepler-986,1,0.96
2874,Kepler-987,1,0.97
2875,Kepler-988,1,0.55
2876,Kepler-989,1,0.82
2877,Kepler-99,1,0.79
2878,Kepler-990,2,1.05
2879,Kepler-991,1,0.64
2880,Kepler-992,1,0.8
2881,Kepler-993,1,0.57
2882,Kepler-994,1,0.56
2883,Kepler-995,1,0.83
2884,Kepler-996,1,1.09
2885,Kepler-997,1,1.22
2886,Kepler-998,1,1.12
2887,Kepler-999,1,1.29
2888,L 168-9,1,0.62
2889,L 98-59,4,0.27
2890,LHS 1140,2,0.19
2891,LHS 1478,1,0.24
2892,LHS 1815,1,0.5
2893,LHS 3844,1,0.15
2894,LP 714-47,1,0.59
2895,LP 791-18,2,0.14
2896,LSPM J2116+0234,1,0.43
2897,LTT 1445 A,1,0.26
2898,LTT 3780,2,0.4
2899,LTT 9779,1,0.77
2900,LkCa 15,2,
2901,Lupus-TR-3,1,0.87
2902,MASCARA-1,1,1.72
2903,MASCARA-4,1,1.75
2904,MOA-2007-BLG-192L,1,0.06
2905,MOA-2007-BLG-400L,1,0.3
2906,MOA-2008-BLG-310L,1,0.21
2907,MOA-2008-BLG-379L,1,0.56
2908,MOA-2009-BLG-266L,1,0.56
2909,MOA-2009-BLG-319L,1,0.52
2910,MOA-2009-BLG-387L,1,0.19
2911,MOA-2010-BLG-073L,1,0.16
2912,MOA-2010-BLG-117L,1,0.58
2913,MOA-2010-BLG-328L,1,0.11
2914,MOA-2010-BLG-353L,1,0.18
2915,MOA-2010-BLG-477L,1,0.67
2916,MOA-2011-BLG-028L,1,0.75
2917,MOA-2011-BLG-262L,1,0.11
2918,MOA-2011-BLG-291L,1,0.15
2919,MOA-2011-BLG-293L,1,0.86
2920,MOA-2011-BLG-322L,1,0.39
2921,MOA-2012-BLG-006L,1,0.49
2922,MOA-2012-BLG-505L,1,0.1
2923,MOA-2013-BLG-220L,1,0.88
2924,MOA-2013-BLG-605L,1,0.02
2925,MOA-2015-BLG-337L,1,0.01
2926,MOA-2016-BLG-227L,1,0.29
2927,MOA-2016-BLG-319L,1,0.15
2928,MOA-bin-1L,1,0.75
2929,MOA-bin-29,1,0.03
2930,MXB 1658-298,1,
2931,NGC 2682 Sand 364,1,9.06
2932,NGC 2682 Sand 978,1,1.37
2933,NGC 2682 YBP 1194,1,1.01
2934,NGC 2682 YBP 1514,1,0.96
2935,NGC 2682 YBP 401,1,1.14
2936,NGTS-1,1,0.62
2937,NGTS-10,1,0.7
2938,NGTS-11,1,0.86
2939,NGTS-12,1,1.02
2940,NGTS-13,1,1.3
2941,NGTS-14 A,1,0.9
2942,NGTS-15,1,0.99
2943,NGTS-16,1,1.0
2944,NGTS-17,1,1.02
2945,NGTS-18,1,1.0
2946,NGTS-2,1,1.64
2947,NGTS-3 A,1,1.02
2948,NGTS-4,1,0.75
2949,NGTS-5,1,0.66
2950,NGTS-6,1,0.77
2951,NGTS-8,1,0.89
2952,NGTS-9,1,1.34
2953,NN Ser,2,
2954,NSVS 14256825,1,0.42
2955,NY Vir,2,0.46
2956,OGLE-2003-BLG-235L,1,0.63
2957,OGLE-2005-BLG-071L,1,0.46
2958,OGLE-2005-BLG-169L,1,0.69
2959,OGLE-2005-BLG-390L,1,0.22
2960,OGLE-2006-BLG-109L,2,0.51
2961,OGLE-2007-BLG-349L A,1,0.41
2962,OGLE-2007-BLG-368L,1,0.64
2963,OGLE-2008-BLG-092L,1,0.71
2964,OGLE-2008-BLG-355L,1,0.37
2965,OGLE-2011-BLG-0173L,1,0.41
2966,OGLE-2011-BLG-0251L,1,0.26
2967,OGLE-2011-BLG-0265L,1,0.21
2968,OGLE-2012-BLG-0026L,2,1.06
2969,OGLE-2012-BLG-0358L,1,0.02
2970,OGLE-2012-BLG-0406L,1,0.44
2971,OGLE-2012-BLG-0563L,1,0.34
2972,OGLE-2012-BLG-0724L,1,0.29
2973,OGLE-2012-BLG-0838L,1,0.4
2974,OGLE-2012-BLG-0950L,1,0.57
2975,OGLE-2013-BLG-0102L,1,0.1
2976,OGLE-2013-BLG-0132L,1,0.54
2977,OGLE-2013-BLG-0341L B,1,0.11
2978,OGLE-2013-BLG-0911L,1,0.29
2979,OGLE-2013-BLG-1721L,1,0.46
2980,OGLE-2013-BLG-1761L,1,0.33
2981,OGLE-2014-BLG-0124L,1,0.71
2982,OGLE-2014-BLG-0676L,1,0.62
2983,OGLE-2014-BLG-1722L,2,0.4
2984,OGLE-2014-BLG-1760L,1,0.51
2985,OGLE-2015-BLG-0051L,1,0.1
2986,OGLE-2015-BLG-0954L,1,0.3
2987,OGLE-2015-BLG-0966L,1,0.38
2988,OGLE-2015-BLG-1649L,1,0.34
2989,OGLE-2015-BLG-1670L,1,0.55
2990,OGLE-2015-BLG-1771L,1,0.08
2991,OGLE-2016-BLG-0263L,1,0.13
2992,OGLE-2016-BLG-0613L AB,1,0.72
2993,OGLE-2016-BLG-1067L,1,0.3
2994,OGLE-2016-BLG-1190L,1,0.88
2995,OGLE-2016-BLG-1195L,1,0.08
2996,OGLE-2016-BLG-1227L,1,0.1
2997,OGLE-2017-BLG-0173L,1,0.4
2998,OGLE-2017-BLG-0373L,1,0.25
2999,OGLE-2017-BLG-0406L,1,0.56
3000,OGLE-2017-BLG-0482L,1,0.2
3001,OGLE-2017-BLG-0604L,1,0.7
3002,OGLE-2017-BLG-1049L,1,0.55
3003,OGLE-2017-BLG-1140L,1,0.21
3004,OGLE-2017-BLG-1375L,1,0.81
3005,OGLE-2017-BLG-1434L,1,0.23
3006,OGLE-2017-BLG-1522L,1,0.04
3007,OGLE-2018-BLG-0567L,1,0.25
3008,OGLE-2018-BLG-0596L,1,0.23
3009,OGLE-2018-BLG-0677L,1,0.12
3010,OGLE-2018-BLG-0740L,1,1.0
3011,OGLE-2018-BLG-0962L,1,0.54
3012,OGLE-2018-BLG-1011L,2,0.18
3013,OGLE-2018-BLG-1269L,1,1.11
3014,OGLE-2018-BLG-1428L,1,0.43
3015,OGLE-2018-BLG-1700L,1,0.42
3016,OGLE-2019-BLG-0954L,1,0.8
3017,OGLE-TR-10,1,1.14
3018,OGLE-TR-111,1,
3019,OGLE-TR-113,1,0.78
3020,OGLE-TR-132,1,1.3
3021,OGLE-TR-182,1,1.14
3022,OGLE-TR-211,1,1.33
3023,OGLE-TR-56,1,
3024,OGLE2-TR-L9,1,1.52
3025,Oph 11,1,0.02
3026,PDS 70,2,
3027,PH1,1,1.53
3028,PH2,1,0.94
3029,POTS-1,1,0.69
3030,PSR B0329+54,1,1.44
3031,PSR B1257+12,3,1.4
3032,PSR B1620-26,1,1.35
3033,PSR J1719-1438,1,1.4
3034,PSR J2322-2650,1,1.4
3035,Pr0201,1,1.24
3036,Pr0211,2,0.94
3037,Proxima Cen,1,0.12
3038,Qatar-1,1,0.84
3039,Qatar-10,1,1.16
3040,Qatar-2,1,0.74
3041,Qatar-3,1,1.15
3042,Qatar-4,1,0.9
3043,Qatar-5,1,1.13
3044,Qatar-6,1,0.82
3045,Qatar-7,1,1.41
3046,Qatar-8,1,1.03
3047,Qatar-9,1,0.72
3048,ROXs 12,1,0.87
3049,ROXs 42 B,1,
3050,RR Cae,1,0.44
3051,Ross 128,1,0.17
3052,Ross 458,1,0.56
3053,SR 12 AB,1,
3054,SWEEPS-11,1,1.1
3055,SWEEPS-4,1,1.24
3056,TAP 26,1,1.04
3057,TCP J05074264+2447555,1,0.25
3058,TIC 172900988 Aa,1,1.24
3059,TIC 237913194,1,1.03
3060,TIC 257060897,1,1.32
3061,TOI-1062,2,0.94
3062,TOI-1130,2,0.68
3063,TOI-1201,1,0.51
3064,TOI-122,1,0.31
3065,TOI-1231,1,0.48
3066,TOI-1235,1,0.63
3067,TOI-125,3,0.86
3068,TOI-1259 A,1,0.74
3069,TOI-1260,2,0.66
3070,TOI-1266,2,0.45
3071,TOI-1278,1,0.54
3072,TOI-132,1,0.97
3073,TOI-1333,1,1.46
3074,TOI-1338,1,1.13
3075,TOI-1431,1,1.9
3076,TOI-1444,2,0.93
3077,TOI-1478,1,0.95
3078,TOI-150,1,1.35
3079,TOI-1518,1,1.79
3080,TOI-157,1,0.95
3081,TOI-1601,1,1.52
3082,TOI-163,1,1.44
3083,TOI-1634,1,0.5
3084,TOI-1685,1,0.49
3085,TOI-169,1,1.15
3086,TOI-172,1,1.13
3087,TOI-1728,1,0.65
3088,TOI-1749,3,0.58
3089,TOI-178,6,0.65
3090,TOI-1807,1,0.75
3091,TOI-1899,1,0.63
3092,TOI-201,1,1.32
3093,TOI-2076,3,0.85
3094,TOI-216,2,0.87
3095,TOI-220,1,0.82
3096,TOI-2202,2,0.82
3097,TOI-237,1,0.18
3098,TOI-2406,1,0.16
3099,TOI-251,1,1.04
3100,TOI-257,1,1.41
3101,TOI-269,1,0.39
3102,TOI-270,3,0.39
3103,TOI-421,2,0.85
3104,TOI-431,3,0.78
3105,TOI-451,3,0.95
3106,TOI-481,1,1.14
3107,TOI-519,1,0.37
3108,TOI-530,1,0.53
3109,TOI-532,1,0.64
3110,TOI-540,1,0.16
3111,TOI-558,1,1.35
3112,TOI-559,1,1.03
3113,TOI-561,5,0.79
3114,TOI-564,1,1.0
3115,TOI-628,1,1.31
3116,TOI-640,1,1.54
3117,TOI-674,1,0.42
3118,TOI-677,1,1.18
3119,TOI-700,3,0.41
3120,TOI-763,2,0.92
3121,TOI-776,2,0.54
3122,TOI-813,1,1.32
3123,TOI-824,1,0.71
3124,TOI-837,1,1.12
3125,TOI-849,1,0.93
3126,TOI-892,1,1.28
3127,TOI-905,1,0.97
3128,TOI-942,2,0.79
3129,TOI-954,1,1.2
3130,TRAPPIST-1,7,0.09
3131,TYC 0434-04538-1,1,1.04
3132,TYC 1422-614-1,2,1.15
3133,TYC 3318-01333-1,1,1.19
3134,TYC 3667-1280-1,1,1.87
3135,TYC 4282-00605-1,1,0.97
3136,TYC 8998-760-1,2,1.0
3137,Teegarden's Star,2,0.09
3138,TrES-1,1,1.04
3139,TrES-2,1,1.36
3140,TrES-3,1,0.93
3141,TrES-4,1,1.08
3142,TrES-5,1,0.9
3143,UKIRT-2017-BLG-001L,1,0.81
3144,USco CTIO 108,1,0.06
3145,USco1556 A,1,0.33
3146,USco1621 A,1,0.36
3147,UZ For,2,0.7
3148,V0391 Peg,1,0.5
3149,V1298 Tau,4,1.1
3150,V830 Tau,1,1.0
3151,VHS J125601.92-125723.9,1,0.07
3152,WASP-1,1,1.24
3153,WASP-10,1,0.75
3154,WASP-100,1,0.77
3155,WASP-101,1,1.41
3156,WASP-103,1,1.22
3157,WASP-104,1,1.08
3158,WASP-105,1,0.89
3159,WASP-106,1,0.93
3160,WASP-107,2,0.68
3161,WASP-11,1,1.42
3162,WASP-110,1,
3163,WASP-113,1,1.32
3164,WASP-114,1,1.29
3165,WASP-117,1,1.29
3166,WASP-118,1,1.32
3167,WASP-119,1,1.02
3168,WASP-12,1,1.43
3169,WASP-120,1,1.39
3170,WASP-121,1,1.35
3171,WASP-123,1,1.17
3172,WASP-124,1,1.07
3173,WASP-126,2,1.12
3174,WASP-127,1,0.95
3175,WASP-129,1,1.0
3176,WASP-13,1,0.72
3177,WASP-130,1,1.04
3178,WASP-131,1,1.06
3179,WASP-132,1,0.8
3180,WASP-133,1,1.16
3181,WASP-135,1,0.98
3182,WASP-136,1,1.41
3183,WASP-138,1,1.22
3184,WASP-139,1,0.92
3185,WASP-14,1,1.62
3186,WASP-140,1,0.9
3187,WASP-141,1,1.25
3188,WASP-142,1,1.33
3189,WASP-144,1,0.81
3190,WASP-145 A,1,0.76
3191,WASP-147,1,1.04
3192,WASP-148,2,1.0
3193,WASP-15,1,1.18
3194,WASP-150,1,1.39
3195,WASP-151,1,1.08
3196,WASP-153,1,1.34
3197,WASP-156,1,0.84
3198,WASP-157,1,1.06
3199,WASP-158,1,1.38
3200,WASP-159,1,1.41
3201,WASP-16,1,1.78
3202,WASP-160 B,1,0.87
3203,WASP-161,1,1.39
3204,WASP-162,1,0.95
3205,WASP-163,1,0.97
3206,WASP-164,1,0.95
3207,WASP-165,1,1.25
3208,WASP-166,1,1.19
3209,WASP-167,1,1.59
3210,WASP-168,1,1.08
3211,WASP-169,1,1.34
3212,WASP-17,1,2.28
3213,WASP-170,1,0.93
3214,WASP-171,1,1.17
3215,WASP-172,1,1.49
3216,WASP-173 A,1,1.05
3217,WASP-174,1,1.3
3218,WASP-175,1,1.21
3219,WASP-176,1,1.34
3220,WASP-177,1,0.88
3221,WASP-178,1,2.07
3222,WASP-18,2,1.22
3223,WASP-180 A,1,1.3
3224,WASP-181,1,1.04
3225,WASP-182,1,1.08
3226,WASP-183,1,0.78
3227,WASP-184,1,1.23
3228,WASP-185,1,1.12
3229,WASP-186,1,1.22
3230,WASP-187,1,1.54
3231,WASP-19,1,0.9
3232,WASP-190,1,1.35
3233,WASP-192,1,1.09
3234,WASP-2,1,0.9
3235,WASP-20,1,1.2
3236,WASP-21,1,
3237,WASP-22,1,1.46
3238,WASP-23,1,0.78
3239,WASP-24,1,1.43
3240,WASP-25,1,0.67
3241,WASP-26,1,0.86
3242,WASP-28,1,1.02
3243,WASP-29,1,0.77
3244,WASP-3,1,1.62
3245,WASP-31,1,1.16
3246,WASP-32,1,0.72
3247,WASP-33,1,1.5
3248,WASP-34,1,0.96
3249,WASP-35,1,1.05
3250,WASP-36,1,1.08
3251,WASP-37,1,0.93
3252,WASP-38,1,1.76
3253,WASP-39,1,0.93
3254,WASP-4,1,0.86
3255,WASP-41,2,0.81
3256,WASP-42,1,0.95
3257,WASP-43,1,0.58
3258,WASP-44,1,0.94
3259,WASP-45,1,0.85
3260,WASP-46,1,0.83
3261,WASP-47,4,1.04
3262,WASP-48,1,0.88
3263,WASP-49,1,0.92
3264,WASP-5,1,0.96
3265,WASP-50,1,0.89
3266,WASP-52,1,0.87
3267,WASP-53,2,0.84
3268,WASP-54,1,1.08
3269,WASP-55,1,1.11
3270,WASP-56,1,0.71
3271,WASP-57,1,0.89
3272,WASP-58,1,1.06
3273,WASP-59,1,0.72
3274,WASP-6,1,0.55
3275,WASP-60,1,1.19
3276,WASP-61,1,1.82
3277,WASP-62,1,1.11
3278,WASP-63,1,1.28
3279,WASP-64,1,1.0
3280,WASP-65,1,0.93
3281,WASP-66,1,1.33
3282,WASP-67,1,0.91
3283,WASP-68,1,1.49
3284,WASP-69,1,0.98
3285,WASP-7,1,1.28
3286,WASP-70 A,1,1.11
3287,WASP-71,1,0.76
3288,WASP-72,1,2.78
3289,WASP-73,1,2.52
3290,WASP-74,1,0.98
3291,WASP-75,1,1.14
3292,WASP-76,1,1.46
3293,WASP-77 A,1,1.49
3294,WASP-78,1,1.87
3295,WASP-79,1,1.43
3296,WASP-8,2,1.34
3297,WASP-80,1,0.58
3298,WASP-81,1,1.08
3299,WASP-82,1,1.48
3300,WASP-83,1,1.11
3301,WASP-84,1,0.84
3302,WASP-85 A,1,1.09
3303,WASP-87,1,1.2
3304,WASP-88,1,0.94
3305,WASP-89,1,0.92
3306,WASP-90,1,1.55
3307,WASP-91,1,0.84
3308,WASP-92,1,1.19
3309,WASP-93,1,1.33
3310,WASP-94 A,2,1.67
3311,WASP-94 B,2,1.24
3312,WASP-95,1,1.46
3313,WASP-96,1,1.06
3314,WASP-97,1,1.18
3315,WASP-98,1,0.81
3316,WASP-99,1,1.21
3317,WD 0806-661,1,
3318,WD 1856+534,1,0.52
3319,WISEP J121756.91+162640.2 A,1,0.03
3320,WTS-1,1,1.2
3321,WTS-2,1,0.82
3322,Wendelstein-1,1,0.65
3323,Wendelstein-2,1,0.73
3324,Wolf 1061,3,0.29
3325,Wolf 503,1,0.69
3326,XO-1,1,0.88
3327,XO-2 N,3,0.97
3328,XO-2 S,3,0.98
3329,XO-3,1,0.58
3330,XO-4,1,1.1
3331,XO-5,1,1.04
3332,XO-6,1,1.47
3333,XO-7,1,1.41
3334,YSES 2,1,1.1
3335,YZ Cet,3,0.13
3336,alf Ari,1,1.5
3337,alf Tau,1,1.13
3338,bet Cnc,1,1.7
3339,bet Pic,2,1.76
3340,bet UMi,1,1.4
3341,eps CrB,1,1.7
3342,eps Eri,1,0.78
3343,eps Ind A,1,0.75
3344,eps Tau,1,2.7
3345,gam 1 Leo,1,1.23
3346,gam Cep,1,1.4
3347,gam Lib,2,1.47
3348,iot Dra,1,1.05
3349,kap And,1,2.6
3350,kap CrB,1,1.5
3351,mu Leo,1,1.5
3352,nu Oph,2,2.7
3353,ome Ser,1,2.17
3354,omi CrB,1,2.13
3355,omi UMa,1,3.09
3356,psi 1 Dra B,1,1.19
3357,rho CrB,2,0.89
3358,tau Boo,1,1.32
3359,tau Cet,4,0.78
3360,tau Gem,1,2.3
3361,ups And,3,1.3
3362,xi Aql,1,2.2
